0,0,0,0,6,2,0,1,0,13,23,17,10,0,2,8,1,0,58,28,3,4,0,579,507,1087,0,0,0,0,0,0,0,0,0,0,0,0,0,0,0,0,0,0,0,0,0,0,0,0,0,0,0,0,0,0,0,0,0,0,0,0,0,0,0,0,0,0,0,0,0,0,0,0,0,0,0,0,0,0,0,0,0,0,0,0,0,0,0,0,0,0,0,0,0,0,0,0,0,0
0,0,0,0,0,0,0,1,8,3,5,4,9,36,3,0,13,22,4,11,4,4,0,3,0,26,0,0,0,0,0,0,0,0,0,0,0,0,0,0,0,0,0,0,0,0,0,0,0,0,0,0,0,0,0,0,0,0,0,0,0,0,0,0,0,0,0,0,0,0,0,0,0,0,0,0,0,0,0,0,0,0,0,0,0,0,0,0,0,0,0,0,0,0,0,0,0,0,0,0
0,0,0,0,0,0,0,2,72,11,3,0,0,3,5,12,9,31,7,2,82,12,8,0,0,4,0,0,0,0,0,0,0,0,0,0,0,0,0,0,0,0,0,0,0,0,0,0,0,0,0,0,0,0,0,0,0,0,0,0,0,0,0,0,0,0,0,0,0,0,0,0,0,0,0,0,0,0,0,0,0,0,0,0,0,0,0,0,0,0,0,0,0,0,0,0,0,0,0,0
0,0,0,0,0,12,6,0,0,0,4,1,6,0,77,14,0,32,7,2,0,9,16,0,0,7,4,4,0,0,0,0,0,0,0,0,0,0,0,0,0,0,0,0,0,0,0,0,0,0,0,0,0,0,0,0,0,0,0,0,0,0,0,0,0,0,0,0,0,0,0,0,0,0,0,0,0,0,0,0,0,0,0,0,0,0,0,0,0,0,0,0,0,0,0,0,0,0,0,0
0,0,0,0,3,0,2,0,3,33,8,3,4,0,1,8,20,6,10,9,9,2,6,9,0,85,1,22,1,0,0,0,0,0,0,0,0,0,0,0,0,0,0,0,0,0,0,0,0,0,0,0,0,0,0,0,0,0,0,0,0,0,0,0,0,0,0,0,0,0,0,0,0,0,0,0,0,0,0,0,0,0,0,0,0,0,0,0,0,0,0,0,0,0,0,0,0,0,0,0
0,0,0,5,0,11,2,0,0,2,3,0,13,17,485,177,3,21,13,3,8,0,7,167,906,44,0,0,7,0,0,0,0,0,0,0,0,0,0,0,0,0,0,0,0,0,0,0,0,0,0,0,0,0,0,0,0,0,0,0,0,0,0,0,0,0,0,0,0,0,0,0,0,0,0,0,0,0,0,0,0,0,0,0,0,0,0,0,0,0,0,0,0,0,0,0,0,0,0,0
0,0,0,0,4,11,5,0,7,2,0,6,0,11,6,4,0,0,15,7,5,0,15,2,1361,271,3,19,11,119,0,0,0,0,0,0,0,0,0,0,0,0,0,0,0,0,0,0,0,0,0,0,0,0,0,0,0,0,0,0,0,0,0,0,0,0,0,0,0,0,0,0,0,0,0,0,0,0,0,0,0,0,0,0,0,0,0,0,0,0,0,0,0,0,0,0,0,0,0,0
0,0,1,0,0,1,6,0,28,5,0,3,4,3,0,3,4,22,12,25,48,0,34,255,46,17,17,298,1302,0,3,0,0,0,0,0,0,0,0,0,0,0,0,0,0,0,0,0,0,0,0,0,0,0,0,0,0,0,0,0,0,0,0,0,0,0,0,0,0,0,0,0,0,0,0,0,0,0,0,0,0,0,0,0,0,0,0,0,0,0,0,0,0,0,0,0,0,0,0,0
0,0,4,1,0,2,0,0,6,0,1,0,4,3,8,2,16,5,2,0,17,8,3,3,1,9,462,444,323,1347,0,0,0,0,0,0,0,0,0,0,0,0,0,0,0,0,0,0,0,0,0,0,0,0,0,0,0,0,0,0,0,0,0,0,0,0,0,0,0,0,0,0,0,0,0,0,0,0,0,0,0,0,0,0,0,0,0,0,0,0,0,0,0,0,0,0,0,0,0,0
28,0,0,11,15,0,0,0,0,60,38,9,21,17,1,13,6,48,11,1,10,0,19,23,19,7,1,5,9,438,8,0,0,0,0,0,0,0,0,0,0,0,0,0,0,0,0,0,0,0,0,0,0,0,0,0,0,0,0,0,0,0,0,0,0,0,0,0,0,0,0,0,0,0,0,0,0,0,0,0,0,0,0,0,0,0,0,0,0,0,0,0,0,0,0,0,0,0,0,0
3,4,5,3,0,49,9,0,0,1,0,8,1,12,1,0,6,6,6,76,0,0,114,53,20,0,1,0,0,16,2,0,0,0,0,0,0,0,0,0,0,0,0,0,0,0,0,0,0,0,0,0,0,0,0,0,0,0,0,0,0,0,0,0,0,0,0,0,0,0,0,0,0,0,0,0,0,0,0,0,0,0,0,0,0,0,0,0,0,0,0,0,0,0,0,0,0,0,0,0
7,0,13,0,6,0,6,21,9,0,0,0,3,2,3,26,13,24,44,26,5,28,16,5,0,195,4,12,990,187,1255,1709,0,0,0,0,0,0,0,0,0,0,0,0,0,0,0,0,0,0,0,0,0,0,0,0,0,0,0,0,0,0,0,0,0,0,0,0,0,0,0,0,0,0,0,0,0,0,0,0,0,0,0,0,0,0,0,0,0,0,0,0,0,0,0,0,0,0,0,0
6,0,1,6,24,0,4,1,3,8,4,3,5,11,6,0,19,13,109,89,67,238,2938,105,24,608,2286,5361,4580,1611,3012,272,0,0,0,0,0,0,0,0,0,0,0,0,0,0,0,0,0,0,0,0,0,0,0,0,0,0,0,0,0,0,0,0,0,0,0,0,0,0,0,0,0,0,0,0,0,0,0,0,0,0,0,0,0,0,0,0,0,0,0,0,0,0,0,0,0,0,0,0
3,0,4,147,20,0,9,6,36,7,0,8,0,0,11,21,0,117,1192,1921,590,5,8,71,5,28,2200,3603,4226,1707,7,0,0,0,0,0,0,0,0,0,0,0,0,0,0,0,0,0,0,0,0,0,0,0,0,0,0,0,0,0,0,0,0,0,0,0,0,0,0,0,0,0,0,0,0,0,0,0,0,0,0,0,0,0,0,0,0,0,0,0,0,0,0,0,0,0,0,0,0,0
4,6,69,2,0,16,21,9,6,44,22,33,6,47,1,14,43,51,954,3194,3011,200,20,44,295,2882,3132,1435,328,118,57,0,0,0,0,0,0,0,0,0,0,0,0,0,0,0,0,0,0,0,0,0,0,0,0,0,0,0,0,0,0,0,0,0,0,0,0,0,0,0,0,0,0,0,0,0,0,0,0,0,0,0,0,0,0,0,0,0,0,0,0,0,0,0,0,0,0,0,0,0
6,3,24,3,6,7,0,7,5,6,11,0,6,4,28,0,2,7,153,916,2125,88,302,4,37,1052,45,207,8,70,167,0,0,0,0,0,0,0,0,0,0,0,0,0,0,0,0,0,0,0,0,0,0,0,0,0,0,0,0,0,0,0,0,0,0,0,0,0,0,0,0,0,0,0,0,0,0,0,0,0,0,0,0,0,0,0,0,0,0,0,0,0,0,0,0,0,0,0,0,0
12,13,1,3,3,6,3,3,9,0,0,6,3,0,0,5,1,5,65,0,25,87,129,4,0,160,160,1769,774,153,141,0,0,0,0,0,0,0,0,0,0,0,0,0,0,0,0,0,0,0,0,0,0,0,0,0,0,0,0,0,0,0,0,0,0,0,0,0,0,0,0,0,0,0,0,0,0,0,0,0,0,0,0,0,0,0,0,0,0,0,0,0,0,0,0,0,0,0,0,0
4,37,7,1,4,0,15,4,17,8,47,4,3,8,21,18,5,71,36,25,45,18,74,106,1710,3390,1840,3531,73,1,742,234,0,0,0,0,0,0,0,0,0,0,0,0,0,0,0,0,0,0,0,0,0,0,0,0,0,0,0,0,0,0,0,0,0,0,0,0,0,0,0,0,0,0,0,0,0,0,0,0,0,0,0,0,0,0,0,0,0,0,0,0,0,0,0,0,0,0,0,0
1,2,7,10,6,5,6,9,10,7,12,2,169,57,0,10,8,17,67,10,32,144,38,212,410,1493,1989,167,1778,4621,4981,3950,23,0,0,0,0,0,0,0,0,0,0,0,0,0,0,0,0,0,0,0,0,0,0,0,0,0,0,0,0,0,0,0,0,0,0,0,0,0,0,0,0,0,0,0,0,0,0,0,0,0,0,0,0,0,0,0,0,0,0,0,0,0,0,0,0,0,0,0
0,6,1,51,0,3,4,24,12,9,5,0,5,13,17,0,0,5,0,3,5,69,21,109,241,0,11,3,285,1992,5428,4315,71,0,0,0,0,0,0,0,0,0,0,0,0,0,0,0,0,0,0,0,0,0,0,0,0,0,0,0,0,0,0,0,0,0,0,0,0,0,0,0,0,0,0,0,0,0,0,0,0,0,0,0,0,0,0,0,0,0,0,0,0,0,0,0,0,0,0,0
0,6,3,7,1,0,26,4,4,0,28,4,0,0,13,0,7,12,37,0,18,422,14,16,14,0,525,43,6,1674,3954,3038,13,0,0,0,0,0,0,0,0,0,0,0,0,0,0,0,0,0,0,0,0,0,0,0,0,0,0,0,0,0,0,0,0,0,0,0,0,0,0,0,0,0,0,0,0,0,0,0,0,0,0,0,0,0,0,0,0,0,0,0,0,0,0,0,0,0,0,0
9,0,2,1,11,0,2,7,25,9,46,7,1,58,8,3,19,2,9,5,1,11,6,0,1,117,3587,2493,8,0,209,1,10,0,0,0,0,0,0,0,0,0,0,0,0,0,0,0,0,0,0,0,0,0,0,0,0,0,0,0,0,0,0,0,0,0,0,0,0,0,0,0,0,0,0,0,0,0,0,0,0,0,0,0,0,0,0,0,0,0,0,0,0,0,0,0,0,0,0,0
0,32,7,1,4,4,7,1,4,8,5,0,9,15,37,28,2,0,0,4,7,79,11,0,158,966,2620,3657,14,0,70,6,536,157,0,0,0,0,0,0,0,0,0,0,0,0,0,0,0,0,0,0,0,0,0,0,0,0,0,0,0,0,0,0,0,0,0,0,0,0,0,0,0,0,0,0,0,0,0,0,0,0,0,0,0,0,0,0,0,0,0,0,0,0,0,0,0,0,0,0
1,0,0,2,4,61,2,12,0,10,19,8,7,0,53,5,22,6,3,5,1,11,16,11,636,1992,3464,3836,360,11,1711,93,125,1743,8,0,0,0,0,0,0,0,0,0,0,0,0,0,0,0,0,0,0,0,0,0,0,0,0,0,0,0,0,0,0,0,0,0,0,0,0,0,0,0,0,0,0,0,0,0,0,0,0,0,0,0,0,0,0,0,0,0,0,0,0,0,0,0,0,0
0,2,6,8,0,4,0,2,0,3,2,34,10,19,5,15,3,35,0,30,0,13,6,14,1,133,3219,1525,63,963,2841,127,0,359,121,1,0,0,0,0,0,0,0,0,0,0,0,0,0,0,0,0,0,0,0,0,0,0,0,0,0,0,0,0,0,0,0,0,0,0,0,0,0,0,0,0,0,0,0,0,0,0,0,0,0,0,0,0,0,0,0,0,0,0,0,0,0,0,0,0
1,18,6,62,11,19,0,2,10,13,0,32,0,2,14,67,3,5,0,0,8,0,3,151,0,5,953,32,1693,1202,1613,1915,6,4,855,0,0,0,0,0,0,0,0,0,0,0,0,0,0,0,0,0,0,0,0,0,0,0,0,0,0,0,0,0,0,0,0,0,0,0,0,0,0,0,0,0,0,0,0,0,0,0,0,0,0,0,0,0,0,0,0,0,0,0,0,0,0,0,0,0
5,0,6,15,0,0,0,4,25,0,2,0,0,0,22,175,1902,35,1,7,837,434,3,1114,1065,793,3403,222,0,0,1,19,10,1114,4003,298,0,0,0,0,0,0,0,0,0,0,0,0,0,0,0,0,0,0,0,0,0,0,0,0,0,0,0,0,0,0,0,0,0,0,0,0,0,0,0,0,0,0,0,0,0,0,0,0,0,0,0,0,0,0,0,0,0,0,0,0,0,0,0,0
2,1,9,34,0,51,4,137,6,0,20,47,4,0,161,450,1227,385,106,17,295,10,61,3844,1467,9,841,1821,76,283,862,11,1539,3462,4937,4966,166,0,0,0,0,0,0,0,0,0,0,0,0,0,0,0,0,0,0,0,0,0,0,0,0,0,0,0,0,0,0,0,0,0,0,0,0,0,0,0,0,0,0,0,0,0,0,0,0,0,0,0,0,0,0,0,0,0,0,0,0,0,0,0
6,1,44,146,4,0,20,142,194,28,9,41,5,11,1184,1575,390,0,43,1,0,8,69,1120,129,28,303,4440,4116,519,1358,3455,1654,3915,5820,4536,3287,0,0,0,0,0,0,0,0,0,0,0,0,0,0,0,0,0,0,0,0,0,0,0,0,0,0,0,0,0,0,0,0,0,0,0,0,0,0,0,0,0,0,0,0,0,0,0,0,0,0,0,0,0,0,0,0,0,0,0,0,0,0,0
172,8,0,10,0,10,0,9,21,3,5,7,25,133,1411,1035,43,2,13,65,3,7,327,3141,2029,0,1718,2553,2520,1028,2413,2532,1092,1057,2224,4488,2399,0,0,0,0,0,0,0,0,0,0,0,0,0,0,0,0,0,0,0,0,0,0,0,0,0,0,0,0,0,0,0,0,0,0,0,0,0,0,0,0,0,0,0,0,0,0,0,0,0,0,0,0,0,0,0,0,0,0,0,0,0,0,0
0,0,0,0,12,11,2,94,303,0,14,42,7,45,75,27,13,65,4,420,194,3850,3391,1696,2764,250,1377,3175,3172,591,1217,808,1086,4927,3259,3569,5020,446,0,0,0,0,0,0,0,0,0,0,0,0,0,0,0,0,0,0,0,0,0,0,0,0,0,0,0,0,0,0,0,0,0,0,0,0,0,0,0,0,0,0,0,0,0,0,0,0,0,0,0,0,0,0,0,0,0,0,0,0,0,0
5,24,10,17,15,6,0,10,7,11,0,29,5,41,22,6,14,83,197,2145,2501,2220,4896,4260,4959,3964,4988,3103,1317,1510,2774,4700,382,3620,6464,5930,755,0,0,0,0,0,0,0,0,0,0,0,0,0,0,0,0,0,0,0,0,0,0,0,0,0,0,0,0,0,0,0,0,0,0,0,0,0,0,0,0,0,0,0,0,0,0,0,0,0,0,0,0,0,0,0,0,0,0,0,0,0,0,0
0,5,19,0,25,16,5,3,2,0,12,9,53,16,20,450,239,1689,4081,3705,4867,3860,4980,4671,4385,3572,4270,3693,3346,4871,1844,5174,4717,2908,3138,2847,5028,851,0,0,0,0,0,0,0,0,0,0,0,0,0,0,0,0,0,0,0,0,0,0,0,0,0,0,0,0,0,0,0,0,0,0,0,0,0,0,0,0,0,0,0,0,0,0,0,0,0,0,0,0,0,0,0,0,0,0,0,0,0,0
21,0,0,13,12,0,0,1,4,64,30,12,257,913,351,3304,1730,1607,4182,4781,4439,5575,1555,593,1201,10517,3911,5544,1390,5440,3889,1764,2171,673,140,605,5298,5697,442,0,0,0,0,0,0,0,0,0,0,0,0,0,0,0,0,0,0,0,0,0,0,0,0,0,0,0,0,0,0,0,0,0,0,0,0,0,0,0,0,0,0,0,0,0,0,0,0,0,0,0,0,0,0,0,0,0,0,0,0,0
57,5,0,21,173,31,20,9,19,212,1,283,16,180,0,79,1710,1084,4207,4498,4163,6137,5447,2764,1677,6650,8324,5463,4309,2798,1612,1757,2217,1323,0,1860,6386,4116,6217,1387,0,0,0,0,0,0,0,0,0,0,0,0,0,0,0,0,0,0,0,0,0,0,0,0,0,0,0,0,0,0,0,0,0,0,0,0,0,0,0,0,0,0,0,0,0,0,0,0,0,0,0,0,0,0,0,0,0,0,0,0
67,1,3,67,6,14,27,1,554,86,86,1483,130,205,1032,3182,543,277,2076,1796,3955,4377,9560,10510,2650,6383,3751,5966,6261,3123,3596,4697,4217,1944,1192,3015,5431,4049,6266,2448,15,0,0,0,0,0,0,0,0,0,0,0,0,0,0,0,0,0,0,0,0,0,0,0,0,0,0,0,0,0,0,0,0,0,0,0,0,0,0,0,0,0,0,0,0,0,0,0,0,0,0,0,0,0,0,0,0,0,0,0
3,15,1,0,7,1,445,11,1187,2012,2204,24,44,4126,1282,1406,1150,624,1638,10,3,1598,2712,3227,1559,2186,161,1794,4479,1575,2296,3880,3533,2691,5207,5276,3879,2001,1113,1,785,144,0,0,0,0,0,0,0,0,0,0,0,0,0,0,0,0,0,0,0,0,0,0,0,0,0,0,0,0,0,0,0,0,0,0,0,0,0,0,0,0,0,0,0,0,0,0,0,0,0,0,0,0,0,0,0,0,0,0
48,14,0,21,13,3,0,533,2400,2257,1356,13,16,788,1194,119,234,5341,3912,948,1456,19,2391,2493,4653,7393,4675,1988,980,2921,699,325,3278,4002,2583,996,3205,1342,1367,8,3013,206,0,0,0,0,0,0,0,0,0,0,0,0,0,0,0,0,0,0,0,0,0,0,0,0,0,0,0,0,0,0,0,0,0,0,0,0,0,0,0,0,0,0,0,0,0,0,0,0,0,0,0,0,0,0,0,0,0,0
60,677,167,26,26,376,674,254,20,6,20,17,36,646,6,47,449,2170,958,258,4410,1778,3662,3450,4544,7345,6141,5495,3320,5240,3267,55,204,1130,2494,4027,2940,1507,1166,58,1207,175,0,0,0,0,0,0,0,0,0,0,0,0,0,0,0,0,0,0,0,0,0,0,0,0,0,0,0,0,0,0,0,0,0,0,0,0,0,0,0,0,0,0,0,0,0,0,0,0,0,0,0,0,0,0,0,0,0,0
5,3,7,28,0,263,1231,10,6,0,7,0,26,151,192,114,5,149,557,2553,3552,1182,655,3875,9,3447,5299,3308,4974,3383,445,0,14,4,123,73,64,10,114,2336,1495,0,0,0,0,0,0,0,0,0,0,0,0,0,0,0,0,0,0,0,0,0,0,0,0,0,0,0,0,0,0,0,0,0,0,0,0,0,0,0,0,0,0,0,0,0,0,0,0,0,0,0,0,0,0,0,0,0,0,0
0,8,3,5,52,131,145,143,18,1,15,23,28,829,640,2,1219,443,3,359,2090,192,37,26,17,3536,4485,3409,2081,40,196,35,7,14,2615,4933,3329,2624,2018,6059,4025,0,0,0,0,0,0,0,0,0,0,0,0,0,0,0,0,0,0,0,0,0,0,0,0,0,0,0,0,0,0,0,0,0,0,0,0,0,0,0,0,0,0,0,0,0,0,0,0,0,0,0,0,0,0,0,0,0,0,0
0,19,3,2,16,16,24,7,2,17,2,877,1295,12,481,2325,1362,12,9,19,1923,363,6,20,60,1575,4071,2447,1462,2179,3820,1493,5,13,1931,4166,1770,1593,3125,4986,5433,0,0,0,0,0,0,0,0,0,0,0,0,0,0,0,0,0,0,0,0,0,0,0,0,0,0,0,0,0,0,0,0,0,0,0,0,0,0,0,0,0,0,0,0,0,0,0,0,0,0,0,0,0,0,0,0,0,0,0
21,0,5,14,5,11,15,83,1,0,0,820,218,2,25,379,101,600,169,22,130,1,7,19,12,49,243,468,179,2201,4295,3059,10,0,149,1727,794,3798,2721,1191,2330,0,0,0,0,0,0,0,0,0,0,0,0,0,0,0,0,0,0,0,0,0,0,0,0,0,0,0,0,0,0,0,0,0,0,0,0,0,0,0,0,0,0,0,0,0,0,0,0,0,0,0,0,0,0,0,0,0,0,0
6,0,9,6,3,5,14,9,0,8,38,1030,475,167,256,21,1856,1269,477,1,25,0,25,3,1094,78,1286,3628,1087,4712,3094,3407,1596,16,38,3771,5425,4685,9593,4331,4103,1,0,0,0,0,0,0,0,0,0,0,0,0,0,0,0,0,0,0,0,0,0,0,0,0,0,0,0,0,0,0,0,0,0,0,0,0,0,0,0,0,0,0,0,0,0,0,0,0,0,0,0,0,0,0,0,0,0,0
0,7,37,25,9,0,12,0,4,26,720,60,0,0,5,12,23,616,464,19,35,25,0,9,7,85,449,2179,2140,4392,2946,2781,536,4,84,3783,4878,4009,3460,3295,4398,0,0,0,0,0,0,0,0,0,0,0,0,0,0,0,0,0,0,0,0,0,0,0,0,0,0,0,0,0,0,0,0,0,0,0,0,0,0,0,0,0,0,0,0,0,0,0,0,0,0,0,0,0,0,0,0,0,0,0
0,6,11,2,24,1,18,3,0,129,167,965,394,2,0,88,1249,1005,844,35,227,18,17,34,673,3573,860,2877,2095,2674,1373,2357,38,15,59,2393,3817,2824,2016,2601,3929,520,0,0,0,0,0,0,0,0,0,0,0,0,0,0,0,0,0,0,0,0,0,0,0,0,0,0,0,0,0,0,0,0,0,0,0,0,0,0,0,0,0,0,0,0,0,0,0,0,0,0,0,0,0,0,0,0,0,0
0,0,0,10,7,1,27,0,38,635,468,310,10,6,214,1251,262,30,1568,2803,1989,575,290,538,871,2950,43,1458,1152,841,351,1020,4090,302,256,614,5239,3317,5120,1630,3739,338,0,0,0,0,0,0,0,0,0,0,0,0,0,0,0,0,0,0,0,0,0,0,0,0,0,0,0,0,0,0,0,0,0,0,0,0,0,0,0,0,0,0,0,0,0,0,0,0,0,0,0,0,0,0,0,0,0,0
7,0,3,17,4,3,18,15,74,3695,980,282,1139,7,64,60,2435,94,1559,3388,3744,249,197,997,1069,604,1668,2966,3,13,20,1237,4047,1744,522,813,2175,3164,2496,1377,2717,889,0,0,0,0,0,0,0,0,0,0,0,0,0,0,0,0,0,0,0,0,0,0,0,0,0,0,0,0,0,0,0,0,0,0,0,0,0,0,0,0,0,0,0,0,0,0,0,0,0,0,0,0,0,0,0,0,0,0
0,1,0,11,10,16,10,0,465,3529,3514,2028,2841,96,6,67,2883,2024,1422,1857,1370,505,3,133,200,1640,3864,2489,15,16,856,1179,805,2545,135,35,3,212,806,8,105,0,0,0,0,0,0,0,0,0,0,0,0,0,0,0,0,0,0,0,0,0,0,0,0,0,0,0,0,0,0,0,0,0,0,0,0,0,0,0,0,0,0,0,0,0,0,0,0,0,0,0,0,0,0,0,0,0,0,0
0,98,3,8,7,2,30,42,4,1029,2243,2953,163,102,61,14,29,4,398,77,13,672,60,19,10,1981,4496,3846,283,58,718,1842,2242,2629,948,9,5,0,20,187,1252,774,1236,0,0,0,0,0,0,0,0,0,0,0,0,0,0,0,0,0,0,0,0,0,0,0,0,0,0,0,0,0,0,0,0,0,0,0,0,0,0,0,0,0,0,0,0,0,0,0,0,0,0,0,0,0,0,0,0,0
0,40,4,0,16,12,6,8,1871,541,139,2394,1429,7,5,0,3,137,5,8,7,49,18,382,7,250,1056,6,19,3066,24,75,2345,2253,3712,580,29,3,3,171,3045,4053,3421,133,0,0,0,0,0,0,0,0,0,0,0,0,0,0,0,0,0,0,0,0,0,0,0,0,0,0,0,0,0,0,0,0,0,0,0,0,0,0,0,0,0,0,0,0,0,0,0,0,0,0,0,0,0,0,0,0
0,0,1,0,3,4,6,596,848,10,11,27,114,37,5,9,195,9,448,244,32,24,4,353,113,4,59,9,1,487,4,1,0,535,745,1771,4,0,11,26,2004,1312,3811,1131,0,0,0,0,0,0,0,0,0,0,0,0,0,0,0,0,0,0,0,0,0,0,0,0,0,0,0,0,0,0,0,0,0,0,0,0,0,0,0,0,0,0,0,0,0,0,0,0,0,0,0,0,0,0,0,0
0,0,0,0,6,4,11,0,18,14,3,18,31,1,23,49,2603,580,689,39,0,8,3,1392,2078,979,235,8,10,24,19,52,130,1138,922,2478,6,6,2170,3111,607,16,284,5,0,0,0,0,0,0,0,0,0,0,0,0,0,0,0,0,0,0,0,0,0,0,0,0,0,0,0,0,0,0,0,0,0,0,0,0,0,0,0,0,0,0,0,0,0,0,0,0,0,0,0,0,0,0,0,0
0,0,4,0,1,13,2,3,12,8,15,9,0,3,34,25,65,154,37,3,1,0,8,1876,961,57,2,63,46,83,13,1119,921,13,982,3020,944,12,328,990,479,32,0,5,0,0,0,0,0,0,0,0,0,0,0,0,0,0,0,0,0,0,0,0,0,0,0,0,0,0,0,0,0,0,0,0,0,0,0,0,0,0,0,0,0,0,0,0,0,0,0,0,0,0,0,0,0,0,0,0
0,0,0,0,0,5,14,3,0,4,5,10,14,6,12,0,15,11,13,17,259,781,52,944,23,41,1371,3200,1440,953,1,59,5,12,0,183,1635,1223,733,57,13,391,42,2,0,0,0,0,0,0,0,0,0,0,0,0,0,0,0,0,0,0,0,0,0,0,0,0,0,0,0,0,0,0,0,0,0,0,0,0,0,0,0,0,0,0,0,0,0,0,0,0,0,0,0,0,0,0,0,0
0,1,6,0,0,0,1,1,5,0,14,2,4,15,7,5,7,13,11,201,1585,1747,0,2,0,68,2755,3327,365,0,1216,17,667,294,2,7,6,133,899,17,5,35,320,913,0,0,0,0,0,0,0,0,0,0,0,0,0,0,0,0,0,0,0,0,0,0,0,0,0,0,0,0,0,0,0,0,0,0,0,0,0,0,0,0,0,0,0,0,0,0,0,0,0,0,0,0,0,0,0,0
4,0,0,0,0,0,0,0,8,8,9,145,2,0,49,0,8,235,83,122,10,59,6,1812,354,183,1504,118,1580,1952,3997,563,242,211,113,8,15,1101,53,8,41,1608,2776,1686,2,0,0,0,0,0,0,0,0,0,0,0,0,0,0,0,0,0,0,0,0,0,0,0,0,0,0,0,0,0,0,0,0,0,0,0,0,0,0,0,0,0,0,0,0,0,0,0,0,0,0,0,0,0,0,0
0,0,0,0,0,0,0,0,4,13,0,11,0,18,4,21,1,28,1264,330,31,49,1316,2309,376,337,4289,4102,2832,2849,389,2065,956,986,0,5,11,540,12,32,14,27,74,886,4,0,0,0,0,0,0,0,0,0,0,0,0,0,0,0,0,0,0,0,0,0,0,0,0,0,0,0,0,0,0,0,0,0,0,0,0,0,0,0,0,0,0,0,0,0,0,0,0,0,0,0,0,0,0,0
0,0,0,0,0,8,4,2,0,4,0,11,0,0,0,19,3,2,997,1092,4,13,1135,62,303,125,2936,2955,121,15,136,63,32,35,291,84,523,19,490,636,12,2208,4327,3458,1433,0,0,0,0,0,0,0,0,0,0,0,0,0,0,0,0,0,0,0,0,0,0,0,0,0,0,0,0,0,0,0,0,0,0,0,0,0,0,0,0,0,0,0,0,0,0,0,0,0,0,0,0,0,0,0
1,0,0,0,0,12,17,0,0,11,43,5,0,1,13,108,20,286,169,2,0,2,10,537,1573,799,1185,1002,159,662,94,32,10,2,124,16,225,0,14,3056,113,2555,2044,3788,2902,384,0,0,0,0,0,0,0,0,0,0,0,0,0,0,0,0,0,0,0,0,0,0,0,0,0,0,0,0,0,0,0,0,0,0,0,0,0,0,0,0,0,0,0,0,0,0,0,0,0,0,0,0,0,0
65,0,0,0,0,1,6,0,2,0,12,718,409,0,5,0,5,12,1,3,0,0,458,3293,2561,23,91,1,0,559,69,0,0,50,2,703,1445,528,505,63,11,2034,2053,139,8,2469,463,0,0,0,0,0,0,0,0,0,0,0,0,0,0,0,0,0,0,0,0,0,0,0,0,0,0,0,0,0,0,0,0,0,0,0,0,0,0,0,0,0,0,0,0,0,0,0,0,0,0,0,0,0
248,2,6,0,0,1,7,101,41,4,11,223,819,69,256,4,105,0,0,0,4,57,97,267,10,18,37,6,2,3,2569,409,0,2,483,10,18,2131,6,568,848,337,71,270,281,151,1502,42,0,0,0,0,0,0,0,0,0,0,0,0,0,0,0,0,0,0,0,0,0,0,0,0,0,0,0,0,0,0,0,0,0,0,0,0,0,0,0,0,0,0,0,0,0,0,0,0,0,0,0,0
18,11,235,29,9,4,82,1598,296,8,19,77,12,2,6,317,1073,14,7,25,131,22,193,27,1,17,296,22,1,2,906,185,29,661,0,3,9,15,7,946,1462,11,191,26,35,27,17,96,0,0,0,0,0,0,0,0,0,0,0,0,0,0,0,0,0,0,0,0,0,0,0,0,0,0,0,0,0,0,0,0,0,0,0,0,0,0,0,0,0,0,0,0,0,0,0,0,0,0,0,0
0,48,381,61,4,8,7,85,41,14,20,1,12,6,4,519,468,19,9,1,269,4,2,6,0,9,318,2,199,10,3,788,309,861,534,22,46,570,1067,34,1255,128,365,15,2,10,0,28,350,0,0,0,0,0,0,0,0,0,0,0,0,0,0,0,0,0,0,0,0,0,0,0,0,0,0,0,0,0,0,0,0,0,0,0,0,0,0,0,0,0,0,0,0,0,0,0,0,0,0,0
0,10,22,6,2,1,6,6,0,0,5,6,0,3,51,2416,3492,754,167,1510,1754,265,9,17,2,557,1577,304,4,4,79,1019,1981,17,13,3,216,1142,260,6,21,58,27,14,19,7,72,312,4762,2972,705,0,0,0,0,0,0,0,0,0,0,0,0,0,0,0,0,0,0,0,0,0,0,0,0,0,0,0,0,0,0,0,0,0,0,0,0,0,0,0,0,0,0,0,0,0,0,0,0,0
12,0,0,0,0,0,4,1,0,4,7,11,19,122,186,830,1462,77,196,2311,481,163,553,21,42,3788,3226,574,8,53,480,1034,11,0,25,6,911,287,5,0,9,19,4,30,1,20,200,121,2711,2945,2249,1694,1666,0,0,0,0,0,0,0,0,0,0,0,0,0,0,0,0,0,0,0,0,0,0,0,0,0,0,0,0,0,0,0,0,0,0,0,0,0,0,0,0,0,0,0,0,0,0,0
0,0,0,1,0,0,1,1,3,9,3,5,0,6,5,468,866,7,518,114,351,10,197,55,965,3330,689,81,14,662,18,986,4,12,1,7,1242,500,16,14,24,1,2,21,5,0,8,18,3125,4302,4864,381,1223,378,0,0,0,0,0,0,0,0,0,0,0,0,0,0,0,0,0,0,0,0,0,0,0,0,0,0,0,0,0,0,0,0,0,0,0,0,0,0,0,0,0,0,0,0,0,0
0,0,6,0,0,0,0,0,0,6,1,3,4,8,5,16,90,154,407,315,19,9,96,91,2323,283,144,254,3340,4233,381,0,0,14,15,337,880,4,4,2,4,6,0,14,10,456,7,3,1724,4639,5686,1966,0,0,0,0,0,0,0,0,0,0,0,0,0,0,0,0,0,0,0,0,0,0,0,0,0,0,0,0,0,0,0,0,0,0,0,0,0,0,0,0,0,0,0,0,0,0,0,0
0,0,0,0,0,0,0,0,2,19,12,199,87,17,537,71,39,144,21,10,4,0,39,160,20,147,800,5,12,9,642,88,500,653,8,37,1339,9,0,3,0,6,2,3,9,31,182,25,620,2476,7960,17,0,0,0,0,0,0,0,0,0,0,0,0,0,0,0,0,0,0,0,0,0,0,0,0,0,0,0,0,0,0,0,0,0,0,0,0,0,0,0,0,0,0,0,0,0,0,0,0
0,0,0,0,0,0,4,18,2,7,21,28,44,8,5,2,6,219,191,387,432,154,44,289,614,19,10,139,116,37,310,2,0,0,3,646,12,1,6,0,0,0,4,14,5,14,11,17,2062,3867,3023,1347,1327,0,0,0,0,0,0,0,0,0,0,0,0,0,0,0,0,0,0,0,0,0,0,0,0,0,0,0,0,0,0,0,0,0,0,0,0,0,0,0,0,0,0,0,0,0,0,0
0,0,0,0,0,0,7,4,4,7,4,15,12,0,2,1,78,312,198,573,2668,1313,695,991,1362,38,19,25,2318,1120,8,9,0,9,5,1793,93,12,23,1,5,5,5,0,2,7,6,13,3165,4766,2524,1911,2255,0,0,0,0,0,0,0,0,0,0,0,0,0,0,0,0,0,0,0,0,0,0,0,0,0,0,0,0,0,0,0,0,0,0,0,0,0,0,0,0,0,0,0,0,0,0,0
0,0,0,0,0,0,2,0,4,8,6,6,8,13,33,221,1543,66,232,2569,4525,2550,915,271,48,16,19,12,129,0,8,60,1,30,63,2045,241,10,5,7,20,0,2,5,0,8,3,15,1020,2143,20,49,2,0,0,0,0,0,0,0,0,0,0,0,0,0,0,0,0,0,0,0,0,0,0,0,0,0,0,0,0,0,0,0,0,0,0,0,0,0,0,0,0,0,0,0,0,0,0,0
0,0,0,0,0,0,10,0,7,8,10,16,19,36,22,12,50,46,235,1700,2303,100,819,447,15,0,8,287,0,9,3,0,2,2,8,2,1,4,0,0,79,881,54,0,0,2,0,3,5,911,0,7,0,0,0,0,0,0,0,0,0,0,0,0,0,0,0,0,0,0,0,0,0,0,0,0,0,0,0,0,0,0,0,0,0,0,0,0,0,0,0,0,0,0,0,0,0,0,0,0
0,0,0,0,0,3,164,106,15,25,93,26,72,31,68,71,25,1234,2640,450,2,73,3110,3752,63,272,1187,2691,1557,3,4,1,70,53,12,18,0,1,28,5,3,247,332,411,0,0,428,5,9,13,0,0,0,0,0,0,0,0,0,0,0,0,0,0,0,0,0,0,0,0,0,0,0,0,0,0,0,0,0,0,0,0,0,0,0,0,0,0,0,0,0,0,0,0,0,0,0,0,0,0
0,0,0,0,0,22,10,41,203,102,427,124,48,21,51,871,6,288,52,5,6,25,808,1925,9,1148,4072,4012,3234,21,0,0,0,21,5,2,5,0,18,23,2,0,52,320,82,3025,5170,1047,1,0,0,0,0,0,0,0,4,0,60,1729,1094,23,0,0,0,0,0,0,0,0,0,0,0,0,0,0,0,0,0,0,0,0,0,0,0,0,0,0,0,0,0,0,0,0,0,0,0,0,0,0
4,0,1,0,2,2,7,3,8,4,19,96,1308,64,5,742,105,10,7,35,4,2,7,8,5,86,1906,2851,2098,8,8,1,1,16,13,3,15,2,7,2,10,3,3,15,3627,4464,5362,912,84,0,0,0,0,0,0,0,0,0,668,3292,5269,3077,0,0,0,0,0,0,0,0,0,0,0,0,0,0,0,0,0,0,0,0,0,0,0,0,0,0,0,0,0,0,0,0,0,0,0,0,0,0
58,5,8,0,9,0,7,4,8,2,3,2,62,2,3,15,5,5,0,6,8,7,13,79,97,603,651,0,86,15,9,3,0,9,9,3,6,1095,0,139,210,25,14,37,107,3449,3757,114,0,0,0,0,0,0,0,0,0,212,2120,3733,2779,4291,155,0,0,0,0,0,0,0,0,0,0,0,0,0,0,0,0,0,0,0,0,0,0,0,0,0,0,0,0,0,0,0,0,0,0,0,0,0
2,32,5,2,4,5,17,9,4,7,0,0,20,8,5,30,8,4,5,80,7,17,15,23,1230,182,2,20,818,0,9,3,3,25,2,0,15,16,83,95,9,18,1090,2081,3716,2208,1843,0,7,500,18,0,0,0,0,0,0,12,3,1607,3457,3495,1748,3381,1363,0,0,0,0,0,0,0,0,0,0,0,0,0,0,0,0,0,0,0,0,0,0,0,0,0,0,0,0,0,0,0,0,0,0,0
0,3,1,10,2,11,3,2,8,5,2,11,7,5,7,5,42,0,13,0,10,4,24,23,7,1,17,0,10,91,2,1,6,35,5,5,309,8,274,520,43,3497,4656,4454,5932,2302,400,0,1,206,55,0,0,0,0,0,0,0,0,72,18,16,654,837,822,1187,2939,9,5,0,0,0,0,0,0,0,0,0,0,0,0,0,0,0,0,0,0,0,0,0,0,0,0,0,0,0,0,0,0,0
12,10,3,6,9,3,2,7,5,0,10,20,838,316,7,2,19,389,3,13,3,0,1,31,3,3,14,18,33,25,3,8,0,7,62,8,18,10,5,6,20,4762,3102,4106,4523,1682,0,1,433,1679,473,92,10,2675,496,1699,0,67,0,91,25,1490,1245,6,11,1065,811,20,1398,162,0,89,0,0,0,0,0,0,0,0,0,0,0,0,0,0,0,0,0,0,0,0,0,0,0,0,0,0,0,0
36,460,10,4,29,21,2,0,1,5,12,7,4,5,0,0,19,25,6,48,74,9,6,21,0,12,0,1,28,51,10,4,0,0,7,5,4,7,37,25,1415,4877,2678,4129,2834,888,3,707,7977,7981,5687,4581,3927,2614,2477,5832,717,565,119,0,23,0,1,66,5,920,2626,86,2395,1397,1016,512,53,11,6,15,9,0,0,0,0,0,0,0,0,0,0,0,0,0,0,0,0,0,0,0,0,0,0,0
1,14,4,0,5,18,15,231,6,10,8,66,107,0,12,13,3,7,23,0,3,32,15,32,8,6,13,12,30,223,22,34,3,5,6,11,14,22,77,4,80,3701,4208,4679,3482,1238,0,2514,6512,5137,4499,4806,3805,2736,3776,4905,938,0,0,5,117,4,5,3,18,1369,1077,1101,0,4,7,2410,1637,49,548,7,7,112,830,0,0,0,0,0,0,0,0,0,0,0,0,0,0,0,0,0,0,0,0,0
0,61,32,2,149,1639,363,62,0,0,9,0,25,24,20,18,48,430,11,1,2,14,7,4,0,10,306,702,760,4531,1321,1290,15,4,299,7,1,7,4,48,154,800,1348,1587,763,7419,910,4359,4778,5027,2962,2914,4176,4233,2862,1142,0,0,3,2,34,5,23,1,0,530,368,6,6,24,1,919,70,0,368,5,13,40,33,155,0,0,0,0,0,0,0,0,0,0,0,0,0,0,0,0,0,0,0,0
4,6,4,111,1763,3063,35,4,5,8,19,14,0,147,101,0,84,597,21,9,30,16,0,3,0,735,3146,3076,2473,5277,4445,2652,0,34,294,10,10,273,427,16,30,6,287,57,876,4532,2585,1674,2609,584,2952,993,257,2461,27,8,5,8,5,6,1383,3024,8,7,4,325,302,1225,3,3,6,6,12,8,13,0,38,5,0,615,126,8,0,0,0,0,0,0,0,0,0,0,0,0,0,0,0,0,0,0
3,12,9,28,56,95,22,18,47,11,51,1,9,9,7,17,8,8,2,12,47,74,175,10,4,75,2865,4931,7934,1923,1697,1868,0,3,23,5,2,6,0,4,0,109,1679,855,1794,4325,1192,2296,3592,1667,2018,3016,4096,2738,300,18,23,2,40,2296,3605,2727,220,13,221,215,13,189,0,7,13,69,11,0,14,1,19,12,25,0,30,1,5,14,0,0,0,0,0,0,0,0,0,0,0,0,0,0,0,0
13,3,3,83,0,1,2,9,25,1,111,28,25,112,6,8,16,4,2,1,6,4,8,33,439,383,2595,3432,4172,3393,3949,1057,12,135,285,6,6,0,9,6,155,3200,1610,1354,4707,1191,4,170,3384,4095,2182,2102,3827,1981,103,12,5,12,24,518,1303,1917,8,0,14,33,2,12,282,42,0,2,10,4,9,2,3,4,2,34,2,1,6,34,0,0,0,0,0,0,0,0,0,0,0,0,0,0,0,0
19,17,8,18,5,10,7,6,39,0,19,0,2,0,0,9,91,246,0,12,20,117,87,0,186,121,819,2049,2174,6494,5785,1165,19,21,2492,559,260,9,10,8,7,2179,1267,4148,4144,720,223,299,320,229,1617,1456,125,233,68,5,47,21,2,8,108,0,0,0,0,0,1,0,17,4,0,5,2,10,35,4,1,0,0,13,46,2,15,4,93,4,0,0,0,0,0,0,0,0,0,0,0,0,0,0
4,4,10,6,0,10,12,6,2,6,8,1,88,1,9,6,0,79,0,54,6,5,0,5,18,34,151,265,747,955,282,25,2,12,558,243,0,6,0,6,89,841,723,1555,2286,179,10,5,15,11,149,26,21,9,16,6,1,2,0,0,0,2,0,0,0,0,0,0,4,6,11,0,0,3,16,0,5,0,13,15,69,19,51,1,33,48,127,1,0,0,0,0,0,0,0,0,0,0,0,0
1,0,0,21,2,5,0,2,8,0,11,22,14,8,7,5,17,4,76,5,314,1,3,0,0,11,22,28,4,0,33,49,20,38,36,17,13,11,26,9,5,2983,2161,453,11,10,356,2,0,22,14,17,6,10,13,447,1961,34,48,0,7,0,0,0,3,0,7,0,3,0,0,0,0,0,0,0,4,2,16,88,24,4,6,0,12,34,4,14,1844,1732,294,0,0,0,0,0,0,0,0,0
0,1,0,0,1,10,0,0,161,10,188,0,5,0,3,5,21,2,10,3,13,7,12,5,7,6,0,1,10,475,1413,267,225,23,16,31,39,7,14,41,28,43,47,83,3,2,23,5,3,193,92,1,28,24,13,1177,863,79,4,0,10,22,3,0,0,8,80,4,0,0,0,1,0,0,0,0,7,8,7,6,1,3,2,3,2,7,105,39,2725,3017,1535,26,5,0,0,0,0,0,0,0
0,0,2,5,0,5,1,2,0,0,70,35,12,8,55,1,71,8,9,20,1,4,28,224,11,11,5,5,336,580,79,16,22,17,7,6,2,0,5,192,7,11,627,195,3,0,34,18,1,45,37,6,1509,236,13,23,4,9,10,10,62,25,3,3,2,1,5,9,0,0,5,0,0,0,0,0,7,17,4,4,5,4,4,2,0,45,17,0,353,84,1539,2,23,1,0,0,0,0,0,0
0,0,0,4,0,0,0,0,0,9,2,103,6,17,46,5,4,6,6,526,121,20,197,375,1,2,0,2,5,92,1,19,14,8,10,8,5,6,2,2,1,10,2,5,15,5,18,6,1,12,40,985,1979,60,13,16,13,47,8,1,2,0,0,0,0,0,2,9,255,20,295,23,10,2,9,4,28,2,14,8,1,7,4,3,9,151,146,344,60,11,62,305,34,2,0,0,0,0,0,0
0,0,0,0,0,0,0,0,0,4,4,6,108,44,118,6,5,6,0,18,0,18,8,2,11,15,1,5,11,97,4,5,0,2,29,9,3,2,2,12,4,96,18,3,122,0,96,113,49,22,57,9,33,61,19,16,5,1,100,43,0,0,3,2,0,0,1,7,189,80,107,25,1,27,10,22,110,15,5,5,2,21,6,4,4,10,1131,203,24,86,1,5,298,6,3,0,0,0,0,0
0,0,0,0,0,0,0,4,0,0,0,0,0,16,84,31,18,28,22,7,0,6,17,8,3,21,11,11,2,11,12,3,0,6,3,2,11,4,3,13,2,9,8,2,3,12,934,226,24,14,14,9,5,47,673,14,7,14,103,8,0,2,11,0,0,3,17,15,8,13,13,1,0,9,24,17,27,8,7,1,134,16,10,5,12,36,266,7,12,1,13,5,31,10,6,1,0,0,0,0
1,0,0,0,0,4,0,0,1,0,0,0,1,6,11,5,4,8,193,9,11,66,329,122,12,0,8,2,6,36,2,10,2,9,0,10,119,6,22,7,3,6,0,4,4,32,431,5,13,20,14,25,33,129,79,132,1,7,16,0,0,0,0,0,0,2,46,13,5,12,0,31,2,48,20,0,20,359,80,1,102,7,200,63,2,0,10,21,15,7,1,12,2,49,264,332,0,0,0,0
0,1,0,0,0,0,0,0,2,0,0,0,0,10,7,0,3,9,150,14,17,8,82,0,11,1,23,15,74,37,16,0,24,8,183,38,14,6,104,331,11,20,8,8,7,6,15,43,8,13,140,9,10,8,14,15,3,12,6,1,0,0,0,0,4,7,1,11,7,158,0,0,20,27,5,47,15,10,11,13,9,3,32,20,0,0,2,17,3,0,3,0,1,143,259,66,0,0,0,0
19,1,0,0,1,0,4,4,0,2,0,0,0,0,0,1,10,35,28,8,16,43,1,95,2,8,0,51,300,1,317,202,0,3,4,8,0,1,10,12,4,169,53,9,12,5,43,172,22,122,93,13,2,0,0,0,2,0,3,26,0,0,0,0,1,4,0,0,1,61,2,0,6,0,27,6,20,0,2,1,0,6,10,2,0,0,0,0,18,4,0,1,15,3,7,23,0,0,0,0
59,23,0,0,11,13,4,0,5,0,0,0,0,2,0,6,5,89,55,140,158,16,0,8,38,0,5,6,20,30,8,14,10,26,0,18,4,9,0,157,9,5,4,0,13,0,10,302,17,51,2,2,1,10,3,2,5,4,0,3,0,0,0,0,0,0,0,0,0,0,0,1,0,0,11,5,0,0,1,5,0,0,41,16,0,0,0,0,0,1,0,1,9,14,12,19,3,4,0,0
20,5,1,0,0,4,2,0,7,6,5,0,12,10,5,209,1611,3460,2007,21,18,14,20,13,12,43,18,3,11,12,0,1,1,2,1,2,4,24,54,7,33,6,6,1,68,19,11,120,49,3,0,0,3,1,11,0,3,19,0,0,0,0,0,0,0,0,0,0,0,0,2,0,0,0,0,0,0,0,0,0,0,1,14,226,0,0,0,0,0,0,0,4,7,12,3,6,0,49,94,0
2,1,5,10,1,0,0,0,0,16,42,0,0,13,212,88,519,587,53,14,13,41,577,9,126,478,6,24,0,10,8,11,6,3,9,32,3,8,0,6,2,3,5,8,185,18,5,1,9,23,5,5,0,5,24,20,50,0,0,0,0,0,0,0,5,0,0,0,0,1,0,0,0,0,0,0,0,0,0,0,2,8,57,27,21,0,0,0,0,0,0,0,11,35,4,0,0,20,14,0
