0,0,0,0,1,57,107,173,32,15,11,3,2,8,44,1,0,3,0,0,0,0,0,1,2,0,0,0,0,0,0,14,1,7,55,30,11,19,0,18,363,35,31,24,19,9,50,4,3,0,0,0,86,14,2,15,8,1,1,0,0,0,5,0,0,0,0,0,0,0,1,4,9,0,0,0,0,11,13,0,0,0,0,0,0,0,0,0,6,0,0,0,0,0,2,0,0,0,0,5
0,0,0,0,0,0,59,0,34,8,3,1,0,1,7,2,0,3,0,0,0,0,3,3,0,0,0,0,2,3,21,26,8,6,40,245,5,0,0,0,410,2281,61,11,74,38,702,364,11,0,0,0,7,5,34,30,12,11,2,4,0,1,1,0,0,0,0,0,0,0,0,11,11,0,0,0,0,7,9,0,0,0,0,0,0,0,0,0,0,23,5,5,9,15,22,86,2,3,74,16
0,0,0,0,0,0,0,7,18,8,0,6,12,2,0,0,0,0,0,0,0,0,0,3,0,0,0,0,0,31,629,30,11,0,4,71,6,0,3,0,1232,1912,65,5,11,9,42,198,6,108,14,52,73,8,25,37,17,86,31,8,0,5,15,3,0,0,0,0,0,0,1,4,9,0,0,0,0,6,1,0,0,0,0,0,0,0,0,0,2,10,30,13,3,15,10,11,13,28,25,4
0,0,0,0,0,0,0,11,183,30,12,1,0,0,0,0,4,0,0,0,0,4,9,11,0,0,0,0,0,58,28,4,0,0,1,40,9,2,3,11,942,48,8,11,1,6,13,2,48,108,20,62,16,22,24,35,17,15,26,14,5,29,14,2,0,0,0,0,0,6,0,0,4,2,0,0,0,1,0,0,0,0,0,0,0,0,0,0,0,0,0,0,0,1,0,0,1,10,11,0
0,0,0,0,0,0,0,0,10,4,26,16,0,0,0,0,0,0,0,0,5,27,4,0,0,0,0,0,3,21,4,5,0,4,1,8,35,89,30,107,175,61,7,35,19,12,67,34,22,48,1009,22,34,96,78,9,26,22,29,12,20,10,15,18,0,0,0,0,0,11,2,0,0,0,0,0,0,0,4,0,0,0,0,0,0,0,0,0,0,0,0,0,0,0,0,0,3,1,0,0
0,0,0,0,0,0,0,2,2,12,9,29,4,0,0,0,0,0,0,8,17,3,0,0,0,0,0,4,36,6,3,0,0,26,0,0,6,0,12,127,53,9,1,15,21,4,34,7,22,45,966,1035,150,13,4,0,19,1,0,3,4,0,35,15,0,0,0,0,8,18,0,0,0,0,0,0,0,0,0,1,0,0,0,5,0,0,0,0,0,1,0,0,0,0,0,0,0,0,0,0
0,0,0,0,0,0,0,2,1,10,67,17,1,0,0,0,0,0,4,22,7,1,0,2,0,0,4,13,17,0,0,0,0,0,0,3,1,7,7,76,3,63,0,14,6,13,2,3,3,11,980,2404,3039,175,3,1,35,0,0,0,0,1,9,17,4,0,3,1,9,5,0,0,0,0,0,0,0,2,0,13,3,0,0,10,0,1,0,0,0,0,0,0,0,0,0,0,0,0,0,0
0,0,0,0,0,0,0,0,0,38,16,4,8,0,0,0,0,2,8,15,0,2,0,4,0,0,17,1,2,3,0,0,0,68,4,2,4,0,25,31,0,17,12,22,0,16,101,14,12,13,643,3964,2579,221,20,4,0,20,0,0,0,5,14,10,13,992,447,24,23,5,0,0,0,0,0,0,0,2,15,21,2,0,5,1,2,0,7,0,0,0,0,0,0,0,1,0,0,1,0,1
0,0,0,0,0,0,0,0,1,3,8,26,0,0,0,0,0,2,5,1,1,1,10,2,6,3,2,0,2,0,0,0,3,8,8,2,13,21,44,8,4,1,42,111,57,26,54,32,0,4,1254,4300,3357,45,71,14,51,5,9,0,4,12,31,41,61,673,154,60,28,6,6,2,0,0,0,0,0,4,22,0,1,0,4,1,7,4,47,31,31,6,0,2,8,27,244,57,7,1,0,1
0,0,0,0,0,0,0,0,28,12,3,0,0,0,0,0,0,0,7,0,8,16,29,12,19,2,0,0,1,3,0,0,0,7,20,0,1,5,17,13,29,11,5,52,14,6,1,19,1,9,95,475,2175,109,8,12,62,30,10,11,0,9,27,8,2,7,2,3,0,0,12,9,28,9,0,1,9,10,0,0,0,0,0,0,0,24,13,36,7,1,8,33,12,323,86,24,10,52,0,2
0,0,0,0,0,0,0,6,66,110,12,2,0,0,0,0,1,0,2,15,12,23,15,11,6,2,0,3,20,8,2,0,13,12,26,0,0,0,16,0,13,39,3,14,12,57,0,31,130,16,37,94,1040,213,33,65,25,8,4,6,0,11,8,0,0,2,14,14,3,0,0,0,0,10,17,12,3,0,0,0,0,0,0,0,2,3,292,588,13,61,4,5,2,9,2,22,6,8,2,7
0,0,0,0,0,0,0,1,2,9,332,34,0,0,0,0,2,4,7,36,3,7,5,1,11,5,2,5,30,20,4,2,5,7,6,0,3,16,7,0,1,18,2,1,0,48,9,1,5,8,2,31,155,7,20,105,110,3,0,5,5,22,25,6,0,0,0,4,26,14,0,0,0,0,0,0,0,0,0,0,0,0,0,2,0,0,2,0,0,0,0,0,7,3,0,0,2,74,15,17
0,0,0,0,0,0,0,0,0,23,48,3,0,0,0,0,0,0,17,6,35,513,4,0,3,0,6,2,2,12,4,51,5,3,0,0,64,70,13,2,7,8,9,11,0,17,4,1,22,18,38,191,30,64,31,18,14,3,5,0,1,15,6,0,0,0,0,0,8,36,135,27,1,0,0,14,4,0,0,0,0,0,5,9,1,1,5,0,0,0,3,13,7,2,3,0,0,0,0,1
0,0,0,0,0,0,0,0,1,15,4,1,0,0,0,0,0,2,26,20,4,68,21,2,19,6,3,7,3,48,8,14,12,0,2,5,29,55,42,1,0,19,8,29,0,4,16,6,592,40,32,144,48,335,77,23,0,14,0,0,1,8,16,0,0,0,0,0,0,3,137,23,17,9,11,24,26,0,0,0,0,0,4,0,0,9,0,0,0,0,23,8,0,0,0,0,0,0,0,34
0,0,0,0,0,0,0,0,0,0,0,8,0,0,0,0,9,26,31,23,44,45,0,69,3,7,0,15,19,73,26,28,78,38,17,107,17,28,5,3,5,9,15,12,0,0,10,27,232,73,19,6,76,128,382,14,0,6,11,0,0,36,17,5,0,0,0,0,0,0,0,13,24,5,0,0,0,20,0,0,5,0,1,0,0,1,0,0,0,0,4,14,0,0,0,0,0,1,2,54
0,0,0,0,0,0,0,0,0,0,4,41,0,0,1,20,13,140,106,6,0,11,8,46,37,0,13,38,0,39,135,35,11,2,77,330,0,6,22,10,9,0,12,48,100,50,1,2,15,82,80,48,7,125,276,12,1,0,2,0,6,24,8,2,0,0,0,0,0,0,0,0,12,0,0,0,0,3,0,5,0,0,0,0,0,0,0,0,0,3,6,0,0,0,0,0,1,8,5,0
0,0,0,0,0,0,0,0,0,0,0,11,1,0,3,2,6,106,44,2,0,0,9,189,11,0,0,21,8,14,37,35,0,8,205,26,3,17,4,70,14,2,19,61,113,0,11,7,5,331,86,122,21,64,42,0,0,1,4,5,2,21,7,1,0,0,0,0,0,0,0,0,7,0,0,0,0,0,1,2,0,0,0,0,0,0,0,0,0,0,0,0,0,0,0,0,13,0,0,0
0,0,0,0,0,0,0,0,0,0,0,0,13,62,4,0,2,48,18,0,0,0,210,292,21,0,2,35,88,11,75,318,0,0,0,1,0,1,19,94,121,2,9,4,15,0,0,7,0,203,65,15,41,55,45,0,3,11,5,40,9,0,163,26,0,0,0,0,0,0,0,0,0,0,0,0,0,0,0,0,0,0,0,0,4,0,2,0,0,0,0,0,0,0,0,1,2,0,0,0
0,0,0,0,0,0,0,0,0,0,0,0,84,66,0,3,9,12,2,0,0,0,127,12,0,1,2,8,10,16,35,7,1,0,0,12,3,35,54,15,2,26,23,0,0,5,3,13,51,1443,630,10,11,37,29,32,1,10,4,5,4,11,17,15,0,0,0,0,0,0,0,0,0,0,0,0,0,0,4,0,0,0,0,0,0,0,3,3,0,0,0,0,0,0,0,9,0,0,0,3
0,0,0,0,0,0,0,0,0,0,0,0,20,80,26,7,1376,2282,0,0,0,0,25,1,0,10,1,39,6,51,37,10,0,1,0,10,17,47,11,27,25,564,37,89,26,0,0,419,38,1,10,64,3,21,0,17,65,5,6,3,47,71,7,18,0,1,0,0,0,0,0,0,0,0,0,1,0,0,7,0,0,0,0,0,6,0,0,7,0,0,0,0,0,0,0,0,0,0,8,0
0,0,0,0,0,0,0,0,0,0,0,0,0,4,609,155,436,1871,81,0,0,0,33,0,11,0,1,6,124,16,44,17,0,0,0,0,15,40,33,0,11,79,10,17,14,0,0,464,12,201,10,26,759,9,0,43,1,13,16,29,200,30,299,5,0,1,0,3,0,0,0,0,0,0,7,6,2,1,0,0,0,0,0,6,0,0,0,0,3,4,6,0,0,3,9,0,0,0,0,0
0,0,0,0,0,0,0,0,0,0,0,0,0,0,128,589,280,16,0,0,0,16,21,9,4,10,26,99,3224,1931,105,10,0,0,2,5,12,136,289,7,392,201,1,0,35,1359,417,38,49,109,130,6,634,34,0,1,24,93,0,32,618,795,65,6,0,0,0,0,0,0,0,0,0,7,3,0,2,5,1,0,0,0,0,0,0,2,0,0,0,0,1,1,12,1,0,0,0,0,0,0
0,0,0,0,0,0,0,0,0,0,0,0,0,0,0,0,0,0,0,0,224,2528,265,10,92,69,145,703,1806,1102,309,43,0,0,23,34,60,43,36,349,1870,0,0,0,100,92,304,0,12,13,25,3,62,75,0,0,12,25,2,1,20,2,29,6,15,9,0,0,0,0,3,0,0,29,12,0,0,3,2,2,1,0,0,0,0,0,3,0,0,0,0,0,0,2,100,0,0,0,0,0
0,0,0,0,0,0,0,0,0,0,0,0,0,0,0,0,0,0,0,0,5,243,38,23,179,68,147,738,2510,220,78,0,0,0,3,10,455,59,987,724,183,0,0,0,11,22,0,51,0,46,28,7,494,800,25,6,4,4,0,44,169,12,7,105,47,4,0,0,0,0,0,0,1,0,0,0,0,0,1,1,3,0,0,0,0,0,5,15,24,0,0,0,0,0,3,0,0,0,0,0
0,0,0,0,0,0,0,0,0,0,0,0,0,0,0,0,0,0,0,0,6,22,45,38,155,312,134,39,6,3,115,0,0,0,0,27,1146,110,12,356,0,0,0,0,0,120,676,118,1,19,205,9,18,11,12,0,13,7,0,1,19,77,15,2,17,59,48,4,0,0,11,9,2,0,0,0,0,0,48,1,4,0,0,0,0,0,0,0,3,0,0,0,0,0,1,0,0,0,0,0
0,0,0,0,0,0,0,0,0,0,0,0,0,0,0,0,0,0,0,0,3,61,1274,2949,12,26,364,111,1,125,187,0,0,0,0,10,6,3,4,0,0,0,0,0,0,94,412,5,14,19,144,0,12,18,0,3,2,27,5,52,0,20,0,13,9,19,16,37,5,4,3,0,0,0,0,0,0,0,4,0,4,0,0,0,0,0,0,0,4,0,49,8,0,0,1,64,0,3,0,0
0,0,0,0,0,0,0,0,0,0,0,0,0,0,0,0,0,0,0,16,0,24,1822,1525,23,9,253,13,17,5,0,0,0,0,0,0,0,0,0,0,0,0,0,0,0,0,28,19,14,7,18,46,111,77,18,10,4,8,0,0,59,60,6,3,3,7,38,47,47,498,34,0,0,0,0,0,0,0,0,2,14,0,0,0,0,0,1,0,0,0,1,14,0,0,0,1,0,1,1,0
0,0,0,0,0,0,0,0,0,0,0,0,0,0,0,0,0,0,0,794,1397,583,136,176,202,23,50,110,182,5,0,0,0,0,0,0,0,0,0,0,0,0,0,0,0,0,0,1,9,633,868,32,62,48,40,1,27,5,130,17,31,67,24,10,26,480,15,25,116,1145,45,5,0,0,0,0,0,0,0,0,168,55,0,0,1,0,0,0,0,0,0,0,1,2,0,0,75,145,0,0
0,0,0,0,0,0,0,0,0,0,0,0,0,0,0,0,0,0,0,1919,2528,859,106,129,1,5,11,5,82,0,0,0,0,0,0,0,0,0,0,0,0,0,0,0,0,0,0,0,35,725,20,20,24,31,15,0,1,18,91,123,72,10,2,37,42,24,24,28,38,42,14,53,5,0,0,0,0,5,0,0,17,4,6,0,3,0,0,0,0,0,0,0,5,56,3,0,0,20,0,0
0,0,0,0,0,0,0,0,0,0,0,0,0,0,0,0,0,290,664,2852,6065,3093,1174,38,31,223,8,4,9,0,0,0,0,0,0,0,0,0,0,0,0,0,0,0,0,0,0,0,316,2274,1461,49,108,3,8,10,25,20,0,30,3,112,24,4,2,63,16,21,12,9,8,11,74,7,4,0,0,0,0,0,22,31,0,0,0,0,0,0,1,4,0,0,0,0,10,52,1,2,0,0
0,0,0,0,0,0,0,0,0,0,0,0,0,0,0,0,0,2255,894,3968,6165,5565,2897,11,134,0,85,12,0,0,0,0,0,0,0,0,0,0,0,0,0,0,0,0,0,0,0,0,28,606,836,42,404,14,10,1,44,53,68,0,23,53,21,10,323,288,1362,311,0,1,1,19,28,4,219,0,2,8,21,4,5,17,0,0,1,0,0,0,1,0,0,0,0,0,0,1,2,3,0,0
0,0,0,0,0,0,0,0,0,0,0,0,0,0,0,0,0,1059,3814,2223,2133,640,265,1,29,4,24,0,0,0,0,0,0,0,0,0,0,0,0,0,0,0,0,0,0,0,0,82,2050,36,423,22,5,13,5,10,3,10,475,3,5,6,21,15,18,41,277,33,15,4,25,8,8,4,37,6,283,10,0,7,0,1,0,6,1,0,0,0,1,0,2,0,0,0,0,0,0,10,2,0
0,0,0,0,0,0,0,0,0,0,0,0,0,0,0,0,0,276,1265,305,6,0,0,1,36,80,0,0,0,0,0,0,0,0,0,0,0,0,0,0,0,0,0,0,0,0,0,210,951,12,155,8,8,18,26,38,0,50,54,0,418,26,12,15,17,14,10,38,28,7,18,11,17,44,0,13,9,16,30,8,0,30,184,0,0,0,0,0,6,2,4,0,0,0,0,0,0,54,44,0
0,0,0,0,0,0,0,0,0,0,0,0,0,0,0,0,0,0,17,77,0,0,0,190,126,0,0,0,0,0,0,0,0,0,0,0,0,0,0,0,0,0,0,0,0,0,526,1530,170,28,9,12,6,34,3,11,103,50,14,4,7,3,28,34,1,17,13,7,9,8,5,15,39,11,5,6,4,21,3,0,0,7,14,0,7,0,6,12,0,0,0,0,0,0,0,0,0,8,0,0
0,0,0,0,0,0,0,0,0,0,0,0,0,0,0,0,0,0,0,5,0,0,0,25,0,0,0,0,0,0,0,0,0,0,0,0,0,0,0,0,0,0,0,0,24,876,142,1251,33,41,1345,88,17,18,67,56,0,0,0,0,7,8,7,6,2,24,24,3,0,0,0,8,9,26,10,24,21,10,23,3,2,51,189,0,0,0,0,0,4,0,0,0,0,0,3,0,0,1,0,0
0,0,0,0,0,0,0,0,0,0,0,0,0,0,0,0,0,0,0,3,0,0,0,61,0,0,0,0,0,0,0,0,0,0,0,0,0,0,0,0,0,0,7,3688,5178,4108,148,102,53,70,528,33,437,1606,432,7,6,2,0,8,9,5,0,0,6,44,9,1,3,0,0,4,16,15,6,14,15,0,8,9,22,637,55,0,0,0,0,0,0,0,0,0,7,1,7,1,2,159,64,200
0,0,0,0,0,0,0,0,0,0,0,0,0,0,0,0,0,0,0,0,14,0,0,4,0,0,0,0,0,0,0,0,0,0,0,0,0,0,0,0,0,656,6919,4453,4035,3469,1990,4897,739,2,13,1,8,53,15,4,0,0,0,5,5,3,0,0,14,3,4,3,0,0,0,9,18,0,15,11,16,2,6,22,88,2188,647,0,0,3,0,0,1,26,12,2,0,2,6,0,1,19,223,414
0,0,0,0,0,0,0,0,0,0,0,0,0,0,0,0,0,0,0,0,2,2,1,2,0,0,0,0,0,0,0,0,0,0,0,0,0,0,0,0,0,2004,2203,1280,644,494,3082,3724,3582,252,2,13,4,15,6,20,22,0,2,3,2,0,0,0,0,12,4,0,0,0,0,0,2,0,0,0,0,9,2,11,30,110,0,0,0,0,0,0,5,8,125,0,0,0,9,4,0,0,0,74
0,0,0,0,0,0,0,0,0,0,0,0,0,0,0,0,0,0,0,0,0,0,0,0,0,0,0,0,0,0,0,0,0,0,0,0,0,0,0,0,72,3612,1641,7,2,5,3690,5274,5598,852,10,27,12,2,3,9,19,0,0,0,4,0,0,0,0,6,4,0,0,0,0,0,0,0,0,0,0,10,0,19,6,7,0,0,0,1,0,0,4,66,22,0,0,0,1,0,0,2,8,5
0,0,0,0,0,0,0,0,0,0,0,0,0,0,0,0,0,0,0,0,0,0,0,0,0,0,0,0,0,0,0,0,0,0,0,0,0,0,0,0,234,2967,143,3,28,0,375,3387,5695,192,9,14,3,0,0,0,0,0,0,0,0,0,0,0,0,0,0,0,0,0,0,0,0,0,0,0,0,4,7,23,20,18,3,0,0,7,0,0,1,42,3,0,0,4,7,0,16,136,12,6
0,0,0,0,0,0,0,0,0,0,0,0,0,0,0,0,0,0,0,0,0,0,0,0,0,0,0,0,0,0,0,0,0,0,0,0,0,0,0,0,15,109,32,2,7,8,13,1446,3575,79,52,102,36,1,0,0,1,1,0,0,0,0,1,0,0,0,0,0,0,0,0,0,0,0,8,0,0,2,24,24,145,4,3,0,0,1,0,3,4,18,226,8,0,12,1,1,25,26,0,0
0,0,0,0,0,0,0,0,0,0,0,0,0,0,0,0,0,0,0,0,0,0,0,0,0,0,0,0,0,0,0,0,0,0,0,0,0,0,0,0,0,58,443,392,0,0,68,35,749,30,11,34,13,4,0,0,0,0,0,0,0,0,0,0,0,0,0,0,0,0,0,8,0,3,0,0,0,13,7,11,3,0,56,512,3,0,0,0,8,6,5,16,0,12,6,5,159,22,0,0
0,0,0,0,0,0,0,0,0,0,0,0,0,0,0,0,0,0,0,0,0,0,0,0,0,0,0,0,0,0,0,0,0,0,0,0,0,0,0,0,0,37,4,540,49,5,43,92,2806,47,14,43,24,6,3,0,0,0,0,0,0,0,0,0,0,0,0,0,0,0,2,0,0,0,0,0,0,6,3,4,4,17,0,121,20,23,1,4,28,2,0,0,5,7,0,2,1,1,0,0
0,0,0,0,0,0,0,0,0,0,0,0,0,0,0,0,0,0,0,0,0,0,0,0,0,0,0,0,0,0,0,0,0,0,0,0,0,0,0,0,0,0,40,2,167,16,11,0,2124,18,29,13,1,2,23,0,0,0,0,0,0,0,0,0,0,0,0,0,0,0,2,0,0,0,0,0,28,17,15,7,68,19,26,3,19,1300,20,1,3,12,59,5,7,38,29,1,2,18,0,0
0,0,0,0,0,0,0,0,0,0,0,0,0,0,0,0,0,0,0,0,0,0,0,0,0,0,0,0,0,0,0,0,0,0,0,0,0,0,0,0,0,0,35,9,176,30,55,1261,1217,28,4,10,19,0,12,20,18,6,9,3,0,0,0,0,0,0,1,0,0,0,5,1,0,0,1,3,26,41,19,11,6,4,10,1,1,11,7,6,2,38,46,0,0,4,4,0,0,11,0,0
0,0,0,0,0,0,0,0,0,0,0,0,0,0,0,0,0,0,0,0,0,0,0,0,0,0,0,0,0,0,0,0,0,0,0,0,0,0,0,0,0,0,0,5,24,32,40,12,22,31,41,25,61,18,14,22,19,2,2,0,0,0,0,0,3,0,4,0,1,5,11,14,3,3,1,10,11,10,18,7,2,24,1,4,30,13,13,4,4,16,24,3,271,1023,7,8,0,12,0,14
0,0,0,0,0,0,0,0,0,0,0,0,0,0,0,0,0,0,0,0,0,0,0,0,0,0,0,0,0,0,0,0,0,0,0,0,0,0,0,0,0,0,3,6,0,17,37,16,44,112,43,269,41,2,12,1,3,0,5,9,0,0,0,0,3,3,0,0,1,19,10,0,5,2,3,4,20,6,14,17,6,0,0,0,0,8,0,8,0,18,10,17,212,161,1,1,0,34,0,17
0,0,0,0,0,0,0,0,0,0,0,0,0,0,0,0,0,0,0,0,0,0,0,0,0,0,0,0,0,0,0,0,0,0,0,0,0,0,0,0,0,0,0,2,10,29,183,23,106,82,19,10,9,14,0,0,0,0,0,0,0,0,0,0,0,0,0,2,27,5,59,101,5,19,2,11,6,17,7,8,10,3,15,20,8,14,0,0,6,4,0,22,5,7,2,1,32,157,952,1219
0,0,0,0,0,0,0,0,0,0,0,0,0,0,0,0,0,0,0,0,0,0,0,0,0,0,0,0,0,0,0,0,0,0,0,0,0,0,0,0,0,0,0,0,23,69,68,56,485,95,13,8,29,5,5,0,0,0,0,0,0,0,1,4,0,2,4,2,11,6,21,3,11,20,9,17,19,9,15,14,4,11,17,16,29,5,2,0,14,1,27,2,0,21,14,5,19,1145,3159,4829
0,0,0,0,0,0,0,0,0,0,0,0,0,0,0,0,0,0,0,0,0,0,0,0,0,0,0,0,0,0,0,0,0,0,0,0,0,0,0,0,0,0,0,15,12,19,23,82,66,264,19,58,6,0,0,0,0,0,0,0,0,0,0,1,9,51,17,9,19,117,2,12,2,5,16,23,6,5,14,17,16,6,0,0,0,49,10,7,7,84,48,2,7,19,22,2,2,26,1310,1012
0,0,0,0,0,0,0,0,0,0,0,0,0,0,0,0,0,0,0,0,0,0,0,0,0,0,0,0,0,0,0,0,0,0,0,0,80,88,17,50,2,37,20,25,13,18,21,47,40,118,74,0,9,0,2,0,0,0,0,0,0,0,0,0,0,21,22,5,4,9,9,4,2,0,29,19,7,99,101,8,12,19,26,17,9,28,21,10,0,8,13,15,48,14,4,9,98,910,14,109
0,0,0,0,0,0,0,0,0,0,0,0,0,0,0,0,0,0,0,0,0,0,0,0,0,0,0,0,0,0,0,11,465,2629,869,1720,1402,37,37,327,456,200,25,0,0,6,16,74,96,151,274,5,5,3,1,0,0,0,0,0,0,0,0,0,1,6,3,0,0,5,4,0,0,0,1,0,3,18,20,4,4,10,260,156,2,8,30,13,18,7,376,15,4,9,0,7,15,5,62,99
0,0,0,0,0,0,0,0,0,0,0,0,0,0,0,0,0,0,0,0,0,0,0,0,0,0,0,0,0,0,0,1542,6447,3426,19,34,1094,224,28,19,53,347,60,5,0,8,37,26,62,85,48,15,5,17,28,0,6,1,1,0,0,0,0,1,4,11,0,3,14,0,2,1,0,0,0,27,6,19,33,14,11,6,10,28,1,11,14,2738,1854,14,55,27,4,0,0,3,2,12,293,41
0,0,0,0,0,0,0,0,0,0,0,0,0,0,0,0,0,0,0,0,0,0,0,0,0,0,0,0,0,0,0,4160,4449,7,0,1,112,151,3,8,17,25,20,23,25,33,0,42,600,1342,16,30,18,15,13,7,15,13,8,0,0,3,0,2,14,7,1,6,8,0,2,12,5,8,20,121,109,176,22,30,18,27,56,28,16,18,30,4360,1566,197,3177,867,13,6,83,62,21,14,203,545
0,0,0,0,0,0,0,0,0,0,0,0,0,0,0,0,0,0,0,0,0,0,0,0,0,0,0,0,0,0,0,1549,785,8,0,11,23,882,46,29,38,14,17,60,5,10,40,59,2228,1048,51,35,59,199,2,2,20,16,10,0,0,9,0,7,13,4,13,9,21,0,8,4,60,155,11,287,71,88,3,18,138,80,13,3,31,6,33,257,212,245,514,4,3,33,61,171,39,20,29,121
0,0,0,0,0,0,0,0,0,0,0,0,0,0,0,0,0,0,0,0,0,0,0,0,0,0,0,0,0,0,0,1380,1326,421,10,3,12,201,33,20,0,20,12,0,56,60,48,35,403,1283,70,35,17,5,2,9,9,15,6,0,8,16,9,6,5,5,21,5,7,11,4,33,71,107,568,2,625,363,85,9,6,21,8,0,0,8,19,7,49,18,582,6,25,41,12,15,38,49,72,582
0,0,0,0,0,0,0,0,0,0,0,0,0,0,0,0,0,0,0,0,0,0,0,0,0,0,0,0,0,0,0,3735,3966,4383,214,48,77,310,36,41,12,36,75,45,45,8,18,7,128,1111,39,19,13,2,22,53,17,28,10,33,9,188,394,16,19,1,16,4,8,49,25,9,487,146,143,37,106,11,11,9,10,53,3,1,7,15,12,0,115,59,33,5,10,24,29,41,187,1459,49,4
0,0,0,0,0,0,0,0,0,0,0,0,0,0,0,0,0,0,0,0,0,0,0,0,0,0,0,0,0,0,0,3693,4457,3508,4622,368,604,1638,69,69,43,26,24,0,1,15,9,61,216,1382,274,19,37,28,11,10,32,16,19,14,26,55,66,12,12,25,24,29,19,4,0,26,99,83,3379,454,68,16,17,0,0,4,0,5,7,27,35,43,728,444,27,19,38,16,26,66,196,173,9,18
0,0,0,0,0,0,0,0,0,0,0,0,0,0,0,0,0,0,0,0,0,0,0,0,0,0,0,0,0,0,0,3688,4019,1527,2374,225,19,121,42,90,36,26,49,44,0,96,316,2,49,4,31,28,50,3,16,62,15,26,13,22,26,74,88,25,1,35,7,13,21,100,54,10,442,4249,4468,394,3,6,0,0,7,20,15,21,16,263,276,54,159,314,68,39,32,32,11,3,4,3,0,0
0,0,0,0,0,0,0,0,0,0,0,0,0,0,0,0,0,0,0,0,0,0,0,0,0,0,0,0,0,0,138,4662,3981,2064,1985,562,173,6,19,27,51,110,639,758,26,35,37,13,9,176,89,241,17,8,58,25,37,35,18,15,24,22,14,11,4,3,1,15,22,10,27,21,22,764,422,16,6,0,0,0,15,18,136,112,128,35,1009,345,4792,5442,1802,602,387,17,0,0,0,0,0,0
0,0,0,0,0,0,0,0,0,0,0,0,0,0,0,0,0,0,0,0,0,0,0,0,0,0,0,0,0,0,1562,4194,2340,1357,2811,2693,110,294,29,15,9,33,125,26,63,46,9,62,17,135,129,195,50,0,59,55,43,45,22,27,34,17,21,25,3,21,6,6,83,319,48,41,11,59,35,108,0,0,0,0,1,9,133,55,46,2962,707,1209,2858,753,533,377,11,38,4,0,0,0,0,0
0,0,0,0,0,0,0,0,0,0,0,0,0,0,0,0,0,0,0,0,0,0,0,0,0,0,0,0,0,0,1997,3887,3486,2153,2393,1080,2,48,124,3,0,340,645,38,46,74,103,21,3,26,42,75,7,52,29,11,24,34,48,112,39,124,36,72,62,14,41,19,234,96,26,17,0,468,6,32,5,5,0,18,13,25,132,192,469,2612,6281,2702,32,54,296,891,15,5,6,4,1,2,4,3
0,0,0,0,0,0,0,0,0,0,0,0,0,0,0,0,0,0,0,0,0,0,0,0,0,0,0,0,0,0,2983,6249,5177,4449,991,552,32,30,23,12,117,22,56,0,17,47,422,10,16,84,25,661,28,48,17,67,70,53,52,473,4588,361,43,93,66,43,50,30,129,7,15,45,1219,276,242,33,3,897,403,5,8,49,708,529,159,5577,7883,2860,26,10,11,98,14,0,1,0,0,11,40,54
0,0,0,0,0,0,0,0,0,0,0,0,0,0,0,0,0,0,0,0,0,0,0,0,0,0,0,0,0,0,1358,7999,3940,1490,855,644,10,24,546,16,65,11,3,52,10,2,51,81,64,10,57,354,31,41,69,978,364,49,134,896,1205,24,169,100,33,37,40,3,28,296,987,127,589,1594,6,34,23,23,12,17,646,58,23,71,4174,3286,2278,47,67,6,4,0,5,0,0,0,0,0,1,40
0,0,0,0,0,0,0,0,0,0,0,0,0,0,0,0,0,0,0,0,0,0,0,0,0,0,0,0,0,0,1386,8655,3776,1493,79,47,2,4,11,13,56,117,7,10,82,6,11,190,70,52,138,291,544,182,63,42,7,25,5,28,74,51,33,0,457,551,33,9,29,24,64,50,1429,157,29,32,62,192,16,70,6,3,14,211,1645,4371,2317,519,61,26,13,0,0,0,0,0,0,0,1,3
0,0,0,0,0,0,0,0,0,0,0,0,0,0,0,0,0,0,0,0,0,0,0,0,0,0,0,0,0,0,2890,6886,6265,4248,2932,18,22,7,170,44,41,29,8,7,31,16,3,76,63,46,214,253,297,100,64,37,39,68,1569,377,121,5,26,2,49,24,40,96,27,159,971,48,19,10,68,38,1328,776,102,2374,7,23,156,582,6031,3537,1468,34,43,18,11,0,0,0,0,0,0,0,0,0
0,0,0,0,0,0,0,0,0,0,0,0,0,0,0,0,0,0,0,0,0,0,0,0,0,0,0,0,0,0,2525,5476,5052,1783,523,127,53,3,92,29,17,1263,389,14,23,16,22,57,77,66,247,764,2681,3843,1379,948,21,116,571,7,3,1,2,4,22,20,109,316,269,794,853,45,53,78,59,29,14,112,497,4297,2071,3156,4521,3275,4294,822,33,40,66,0,0,0,0,7,1,1,3,0,0,0
0,0,0,0,0,0,0,0,0,0,0,0,0,0,0,0,0,0,0,0,0,0,0,0,0,0,0,0,0,0,3792,6568,4472,1037,121,162,172,20,30,37,79,2834,2345,643,97,10,32,7,40,559,3704,2628,2628,2464,981,2717,2508,350,1,17,23,15,35,99,76,49,60,228,2018,184,19,4,1855,4807,1618,123,66,127,16,1118,1761,2652,3595,2646,3245,5357,2128,1281,20,0,0,0,0,0,5,1,0,0,0,9
0,0,0,0,0,0,0,0,0,0,0,0,0,0,0,0,0,0,0,0,0,0,0,0,0,0,0,0,0,0,980,726,191,418,95,16,4,3,37,965,361,376,2422,644,510,53,44,64,36,716,2121,2796,5492,3479,2960,4561,4753,1676,0,16,5,40,16,69,453,188,121,86,1919,433,11,10,516,1936,3922,1438,1,44,66,1462,107,601,3903,4241,2993,431,968,76,81,0,0,0,1,1,8,6,7,13,0,37
0,0,0,0,0,0,0,0,0,0,0,0,0,0,0,0,0,0,0,0,0,0,0,0,0,0,0,0,0,0,11,943,3123,1198,1,47,31,38,134,18,11,6,819,17,769,297,823,71,69,2824,4220,3592,6739,7979,7583,7413,3803,1535,48,41,26,99,34,270,391,1089,279,833,3288,984,18,197,3775,1004,1526,2178,219,2073,102,192,11,3,473,1454,105,72,375,163,28,0,0,0,0,0,0,0,28,3,3,41
0,0,0,0,0,0,0,0,0,0,0,0,0,0,0,0,0,0,0,0,0,0,0,0,0,0,0,0,0,0,0,2920,4697,3386,1807,454,28,8,14,16,64,446,519,860,135,6,18,7,7,412,956,1312,2480,4300,5189,4941,1193,77,28,20,33,56,154,102,16,228,2795,3963,6992,5246,2,195,1335,60,1618,4273,3921,758,5,2,0,0,14,14,1,52,179,317,29,0,0,0,0,5,20,30,18,46,22,335
0,0,0,0,0,0,0,0,0,0,0,0,0,0,0,0,0,0,0,0,0,0,0,0,0,0,0,0,0,0,0,375,4224,2065,3199,295,111,405,284,26,1065,1745,2572,890,1,11,0,0,0,8,11,3375,1568,2991,2871,885,478,36,48,47,16,82,7,6,30,275,5294,7261,6087,2611,3324,558,651,1491,4214,5325,5804,326,17,1,2,6,100,3,0,3,10,175,7,1,2,0,0,1,17,57,219,207,430,382
0,0,0,0,0,0,0,0,0,0,0,0,0,0,0,0,0,0,0,0,0,0,0,0,0,0,0,0,0,0,0,0,290,1041,2656,2058,2876,4150,263,15,139,19,13,29,0,0,23,35,73,165,646,4397,3046,2396,984,2908,2087,1040,684,1079,223,149,40,23,17,13,3239,4038,2586,7816,6063,1521,533,4168,4726,3734,2320,956,11,2,146,347,4,1,0,0,1,0,9,7,18,23,27,2,67,120,115,43,1664,2741
0,0,0,0,0,0,0,0,0,0,0,0,0,0,0,0,0,0,0,0,0,0,0,0,0,0,0,0,0,0,0,0,0,0,0,24,32,0,0,0,0,0,0,0,0,0,10,444,930,1318,511,509,2732,2914,2878,3002,4602,645,596,1766,204,139,65,51,163,1748,4445,4226,4819,2115,489,103,79,1076,218,180,329,1841,30,4,130,1744,1,10,89,7,41,8,0,232,1153,397,20,6,40,34,150,388,43,589
0,0,0,0,0,0,0,0,0,0,0,0,0,0,0,0,0,0,0,0,0,0,0,0,0,0,0,0,0,0,0,0,0,0,0,0,0,0,0,0,0,0,0,38,7,1,65,1392,1323,373,1419,931,277,820,4594,1905,3254,951,261,90,37,53,74,91,1956,2859,3057,4663,1757,2727,488,12,22,62,10,30,23,142,635,13,45,1611,2,256,434,58,147,1151,0,1,14,118,1116,942,43,92,161,10,13,11
0,0,0,0,0,0,0,0,0,0,0,0,0,0,0,0,0,0,0,0,0,0,0,0,0,0,0,0,0,0,0,0,0,0,0,0,0,0,0,0,0,0,13,2,81,4,66,951,708,150,87,224,4,419,81,21,14,2279,1579,198,29,32,23,14,12,21,91,674,2358,630,77,430,79,3,0,0,1,46,831,77,537,1131,7,362,30,6,218,40,74,0,7,50,124,3193,2502,319,382,5,1,19
0,0,0,0,0,0,0,0,0,0,0,0,0,0,0,0,0,0,0,0,0,0,0,0,0,0,0,0,0,0,0,0,0,0,0,0,0,0,0,1,7,13,43,664,1883,63,40,1317,169,74,41,76,376,1722,945,1854,316,2244,1032,82,30,266,82,60,23,54,103,590,4458,807,319,158,24,3,0,1,11,7,3748,1072,760,2260,90,901,64,27,1465,1941,25,4,37,48,393,1138,87,108,147,0,1,55
0,0,0,0,0,0,0,0,0,0,0,0,0,0,0,0,0,0,0,0,0,0,0,0,0,0,0,0,0,0,0,0,0,0,0,0,0,0,0,7,17,64,81,206,1361,26,266,630,24,38,143,1790,2854,4393,4899,3053,2252,2109,1540,5,191,397,49,757,343,79,129,420,3108,5597,1583,826,117,5,0,5,46,506,2973,1876,2334,2405,1850,3100,621,426,1216,3129,20,1,0,0,12,1053,0,6,0,0,0,25
0,0,0,0,0,0,0,0,0,0,0,0,0,0,0,0,0,0,0,0,0,0,0,0,0,0,0,0,0,0,0,0,0,0,0,0,0,0,125,516,80,32,37,27,231,1271,16,19,44,10,194,2559,3634,2678,3637,1017,716,723,1123,200,541,92,1431,205,2,14,47,2,496,3706,2156,408,6,11,5,0,2,706,3338,825,1077,31,108,1324,960,2516,546,809,561,86,1,8,102,1017,24,0,0,0,0,6
0,0,0,0,0,0,0,0,0,0,0,0,0,0,0,0,0,0,0,0,0,0,0,0,0,0,0,0,0,0,0,0,0,0,1,250,1922,1877,922,1886,43,13,29,44,458,2017,37,403,114,201,1928,64,144,187,463,225,3161,396,1402,520,56,26,16,0,0,3,10,0,20,2608,1201,53,15,4,46,0,0,140,615,494,32,10,0,110,55,0,0,3,36,679,8,0,3,154,111,5,0,0,0,0
0,0,0,0,0,0,0,0,0,0,0,0,0,0,0,0,0,0,0,0,0,0,0,0,0,0,0,0,0,0,0,0,0,0,8,1789,4355,2454,23,196,282,16,21,118,62,114,1,3,783,374,117,22,84,64,474,3600,29,385,521,908,412,60,0,0,0,0,1,0,1,9,142,10,41,8,41,0,0,29,52,661,226,0,0,0,0,0,0,1,779,16,0,0,0,0,97,7,0,0,0,1
0,0,0,0,0,0,0,0,0,0,0,0,0,0,0,0,0,0,0,0,0,0,0,0,0,0,0,0,0,0,0,0,0,345,2289,3612,2080,14,0,4,6,197,158,10,2,57,8,7,1310,396,59,257,150,67,65,2736,1416,2634,4081,2792,92,28,0,0,0,0,5,0,0,0,10,12,51,49,59,7,0,1,87,1463,384,47,0,0,0,0,4,4,2082,17,0,1,0,28,1170,7,0,0,0,0
0,0,0,0,0,0,0,0,0,0,0,0,0,0,0,0,0,0,0,0,0,0,0,0,0,0,0,0,0,0,0,0,46,2418,5596,5031,3758,23,16,1,4,13,109,16,0,48,17,15,4,10,4,968,637,7,23,155,17,2830,3722,3930,19,4,9,0,0,0,0,18,0,0,0,0,86,282,182,5,0,2,471,1396,304,74,0,0,0,0,0,590,2168,26,29,410,373,901,630,37,10,0,0,0
0,0,0,0,0,0,0,0,0,0,0,0,0,0,0,0,0,0,0,0,0,0,0,0,0,0,0,0,0,0,0,0,1890,5383,4776,5174,804,0,11,2,3,5,51,210,26,170,57,1,0,13,86,870,1596,18,16,54,647,5664,5204,1411,56,16,3,0,0,0,5,362,5,0,3,12,27,685,649,20,27,20,3380,1492,120,4,8,0,3,1,0,98,776,51,38,2244,2011,3655,875,42,5,0,0,1
0,0,0,0,0,0,0,0,0,0,0,0,0,0,0,0,0,0,0,0,0,0,0,0,0,0,0,0,0,0,0,453,3087,5021,1534,2477,199,12,0,2,3,0,40,6,38,913,456,7,3,138,140,39,68,399,40,786,715,1204,1183,476,112,31,21,7,0,0,0,186,25,29,549,149,15,721,45,252,186,677,2610,2249,233,25,11,4,94,34,80,1017,2784,3037,1668,4678,3012,1136,38,0,0,0,0,7
0,0,0,0,0,0,0,0,0,0,0,0,0,0,0,0,0,0,0,0,0,0,0,0,0,0,0,0,0,0,0,0,3085,3759,349,367,487,380,44,306,9,0,17,28,0,67,0,77,164,730,289,91,32,246,52,649,4181,232,82,863,906,197,20,12,0,0,6,0,0,36,1003,2048,84,142,68,174,141,2115,2752,654,445,22,8,30,66,1742,3811,4349,3076,4823,4532,1540,756,367,73,3,0,0,0,0
0,0,0,0,0,0,0,0,0,0,0,0,0,0,0,0,0,0,0,0,0,0,0,0,0,0,0,0,0,0,0,4,2402,1334,6,7,103,360,231,273,40,27,40,58,99,104,1,21,109,32,35,43,29,378,2,1012,1456,38,11,938,3714,220,19,23,6,2,3,12,7,7,594,3119,3790,747,22,71,363,1847,173,609,2326,101,17,74,24,226,2689,1572,3991,4643,4359,4838,1733,525,20,3,0,1,0,0
0,0,0,0,0,0,0,0,0,0,0,0,0,0,0,0,0,0,0,0,0,0,0,0,0,0,0,0,0,21,1522,2826,1177,0,11,69,124,34,28,47,51,71,139,310,2005,45,13,10,11,454,38,6,52,400,1,222,69,9,52,1459,398,113,14,1002,1471,54,1,32,42,25,2305,5343,2443,3066,1480,67,166,3836,2727,3736,4395,395,67,197,114,138,2257,1426,2573,8645,5452,1312,3466,2674,45,88,22,0,0,0
0,0,0,0,0,0,0,0,0,0,0,0,0,0,0,0,0,0,0,0,0,0,0,0,0,0,0,0,0,0,1800,2852,28,0,9,3,23,52,113,363,168,16,5,941,3932,275,157,69,69,593,44,31,69,224,442,704,12,156,41,28,178,994,859,4573,3681,668,169,38,914,1429,1938,4845,3302,1284,4053,753,2,1134,2731,4490,2663,4815,3253,751,2177,2555,968,2543,2401,3502,3908,1535,432,2001,890,21,48,80,0,0
0,0,0,0,0,0,0,0,0,0,0,0,0,0,0,0,0,0,0,0,0,0,0,0,0,0,0,0,0,0,40,1204,15,0,15,33,106,257,30,37,119,66,93,1292,206,118,90,241,1471,1149,47,361,534,106,1246,2568,3705,392,277,41,49,2081,1157,203,3110,2474,87,113,3899,5334,7494,6843,3415,3899,4184,224,1618,2343,4361,2221,1982,4485,715,2211,6279,5146,2170,1482,3433,1825,2351,309,289,627,1062,0,6,552,14,0
0,0,0,0,0,0,0,0,0,0,0,0,0,0,0,0,0,0,0,0,0,0,0,0,0,0,0,0,0,29,12,44,12,0,2,50,242,80,74,87,601,2850,188,41,61,63,5,20,78,75,13,12,1730,1885,1048,136,2722,1688,208,47,160,8,674,2,138,1244,759,970,2314,4895,5466,2911,2366,4540,4945,888,190,1058,1145,1174,4731,1850,3,266,356,2362,3163,0,1261,31,138,1843,2718,5189,4721,190,71,122,50,30
0,0,0,0,0,0,0,0,0,0,0,0,0,0,0,0,0,0,0,0,0,0,0,0,0,0,0,1,444,2055,1907,17,0,0,0,214,158,48,47,1,1871,3713,1940,17,7,32,0,51,348,92,29,57,278,976,3022,56,17,1198,137,41,1214,2793,35,188,17,41,128,1787,2200,1484,7793,2117,2535,1552,3121,3333,1978,4781,734,2000,2865,1188,18,16,24,118,101,9,393,39,257,5242,1199,4349,721,617,96,164,1044,47
0,0,0,0,0,0,0,0,0,0,0,0,0,0,0,0,0,0,0,0,0,0,0,0,0,0,0,52,2836,2876,2796,14,0,1,0,330,35,27,78,113,2526,2414,1294,423,509,58,66,57,3710,2925,76,204,146,161,137,1199,3536,3909,1618,12,673,190,610,130,443,1216,1236,408,2405,6547,9091,7226,4873,87,1505,5373,2824,4787,3958,2483,1536,2559,847,4,63,1687,3725,2337,1052,133,436,4004,4135,1829,2278,3489,172,51,1200,404
0,0,0,0,0,0,0,0,0,0,0,0,0,0,0,0,0,0,0,0,0,0,0,0,0,0,0,20,3073,3872,3040,6,116,2,27,11,85,36,42,1781,2244,437,76,20,39,310,2655,5175,2159,3349,242,120,37,189,908,1155,2368,6404,4586,4990,1418,187,104,2,22,3888,3598,912,506,2722,1955,1836,4823,3867,1343,1791,198,377,3214,2286,4189,4889,610,113,424,3603,5409,4997,2856,2574,3587,3583,3395,2598,5147,826,78,97,740,1071
0,0,0,0,0,0,0,0,0,0,0,0,0,0,0,0,0,0,0,0,0,0,0,0,0,0,0,13,155,53,1,9,0,3,4,12,93,53,63,414,1601,27,37,60,152,95,1224,881,621,5284,2761,3611,1085,1916,3701,4080,2978,951,2616,4154,4418,428,979,282,1436,4476,1518,11,1225,550,160,4474,4771,4915,3925,3440,1086,514,740,2445,3158,6003,2032,704,1273,1429,1763,3345,5037,3651,3643,7547,4949,2015,5569,3951,1914,86,28,1662
0,0,0,0,0,0,0,0,0,0,0,0,0,0,0,0,0,0,0,0,0,0,0,0,0,0,0,0,0,47,30,1,1,0,0,7,1075,576,247,329,61,22,36,134,113,42,18,19,54,2133,1919,372,1933,3337,2861,5590,4567,3282,667,2834,53,3226,5319,1883,2086,4845,907,2470,1643,244,275,3624,3831,2812,1825,2777,725,15,12,918,1075,5215,2444,1,3506,2981,3203,4245,1420,713,5328,6723,2603,8139,6467,4423,2601,1338,1498,2347
0,0,0,0,0,0,0,0,0,0,0,0,0,0,0,0,0,0,0,0,0,0,0,0,0,0,0,0,0,975,389,67,361,7,0,4,857,4039,963,96,47,32,17,8,26,14,57,36,0,4,95,43,2093,908,279,3729,3861,4205,0,2360,1501,2116,2995,4336,1944,326,2158,5300,3198,402,2,3762,4526,3948,2233,61,770,1347,921,32,2232,4452,3639,3126,2823,3495,4652,3191,2314,2895,6020,5266,9622,2699,3312,2259,505,472,1421,569
0,0,0,0,0,0,0,0,0,0,0,0,0,0,0,0,0,0,0,0,0,0,0,0,0,0,0,0,0,423,243,0,31,8,41,0,913,3988,5277,775,215,11,19,3,155,24,92,924,41,272,47,7,1178,399,204,3648,1928,1999,0,710,3982,700,576,643,2388,744,3288,1479,3178,2542,1614,672,1332,4015,3498,240,3557,5263,4458,836,2289,3134,6559,6208,5787,3846,2925,3977,5558,4952,2572,5405,2031,2804,128,36,1476,3771,972,0
0,0,0,0,0,0,0,0,0,0,0,0,0,0,0,0,0,0,0,0,0,0,0,0,0,0,0,0,0,2,0,134,48,606,149,174,1084,3778,1494,23,75,340,45,33,42,2,2,2358,656,5,136,31,56,324,18,13,660,793,23,801,1707,1521,274,431,4207,4691,559,301,1821,5226,3659,2238,3540,2321,1415,1504,3726,4669,3709,3079,552,3055,3484,7848,8067,3432,6070,4697,2467,5108,5386,1515,227,1918,1966,84,62,2246,1610,6
0,0,0,0,0,0,0,0,0,0,0,0,0,0,0,0,0,0,0,0,0,0,0,0,0,0,0,0,0,10,1242,2790,2698,4736,1096,1526,220,2108,156,114,2469,4765,799,11,11,13,7,656,1960,30,55,29,1034,2365,126,1400,3336,2668,557,803,261,310,4,433,4251,5434,4703,1722,573,2593,1740,2029,3082,174,805,1394,3520,3118,3986,5210,1596,3154,6076,6285,5691,3208,1400,2697,4982,4548,1931,524,2606,4801,4912,4544,772,814,2736,247
