6,55,16,485,66,0,3,8,0,6,7,2,0,10,3,20,9,54,15,63,2,541,541,13,6,306,3,6,11,7,9,5,1,1,6,16,17,8,4,8,1,6,208,14,17,10,0,0,0,1,0,0,0,3,0,57,7,0,0,0,0,0,0,0,8,6,0,4,7,14,0,0,0,0,0,0,0,0,0,0,1,0,0,0,1,0,0,0,0,0,0,0,0,0,0,0,0,0,29,1
19,13,11,11,103,5,1,58,8,5,4,2,0,2,3,3,1493,2003,637,639,2906,149,10,843,261,1,30,6,0,7,10,15,8,148,12,1,17,11,8,11,7,9,0,2,13,9,7,0,0,0,0,0,0,0,0,3,10,0,0,1,0,7,3,0,5,17,9,2,0,13,4,6,3,0,0,0,0,0,0,0,0,8,0,0,0,0,0,0,0,0,0,0,0,0,0,0,0,7,42,34
1,0,0,0,4,6,14,15,11,0,0,31,0,2,1,5,527,838,1357,1261,4,33,6,491,1294,108,0,42,3,0,10,19,3,8,0,13,11,12,25,4,6,0,1,0,84,374,18,4,0,0,0,0,0,0,0,4,1,4,0,0,0,6,9,0,0,17,14,2,0,4,59,32,10,0,1,0,0,0,0,0,0,0,0,0,0,0,1,0,0,0,0,0,0,0,0,1,0,16,1,46
0,0,0,0,0,0,0,0,0,0,8,5,3,0,0,0,0,1,2357,550,21,43,27,21,40,155,0,0,2,101,0,3,7,8,11,11,6,1273,144,7,23,19,7,35,22,86,7,0,0,0,0,0,0,0,0,4,4,11,6,0,0,6,7,0,0,0,7,31,0,0,12,27,5,0,0,9,0,0,0,0,0,0,0,0,0,0,12,0,0,0,0,0,0,4,0,2,3,0,17,10
0,0,0,0,0,0,0,0,0,0,0,1,5,0,0,1,0,0,301,599,23,182,0,19,5,9,15,24,4,6,20,13,9,0,20,15,92,411,24,8,8,4,3,2,9,37,0,0,0,0,0,5,0,1,0,0,9,4,8,0,0,1,0,0,0,0,3,17,0,0,0,3,94,5,6,8,0,0,0,0,3,3,0,0,0,0,0,0,0,0,0,0,2,1,17,26,21,11,4,9
0,0,0,0,0,0,0,1,2,0,0,1,2,13,0,0,0,0,8,15,20,1,21,15,14,2,45,26,243,8,3,5,13,18,105,22,1029,3360,29,13,24,15,22,11,4,0,0,0,0,0,0,5,6,0,0,0,13,15,0,0,5,0,2,5,0,0,5,13,15,0,0,0,6,1,4,11,5,0,0,0,1,1,1,0,0,0,0,0,0,0,0,0,0,0,0,0,0,0,16,8
0,0,0,0,0,0,2,0,0,0,4,6,3,1,21,7,40,3,14,14,47,11,61,3,125,5,8,17,121,0,0,17,49,14,12,807,3248,4309,0,24,10,24,14,8,9,63,3,0,0,0,1,1,9,0,0,0,5,4,0,0,0,0,0,7,7,5,1,3,3,0,0,0,0,0,0,6,0,1,14,16,12,1,5,0,0,0,1,0,0,0,1,0,0,0,2,0,4,2,15,6
0,0,0,0,0,0,0,3,2,16,4,328,5,4,2,10,4,6,303,51,15,10,3,18,10,9,1,3,20,102,225,40,184,174,9,688,2232,955,22,2,7,3,9,5,8,60,10,2,0,0,0,0,0,0,1,0,3,6,0,0,0,0,0,0,0,5,11,2,2,0,4,0,0,0,2,2,0,0,6,18,6,3,0,0,0,4,0,0,0,2,6,4,4,0,0,2,26,0,0,14
1,2,2,57,226,14,43,72,0,0,0,307,3,13,12,1,27,0,14,10,4,4,56,5,2,56,4,5,25,28,44,5,339,19,13,22,17,10,3,19,3,15,8,7,4,6,10,7,0,0,0,0,1,0,4,0,8,0,0,0,4,0,0,0,0,1,5,2,2,0,0,0,0,0,2,0,2,9,7,5,2,13,0,0,4,12,2,0,0,0,0,10,10,36,15,5,13,11,0,11
11,7,4,4,80,0,6,28,2,5,186,1639,22,2,4,6,98,6,13,2,13,23,70,85,318,24,0,1,421,9,9,16,1,1,2,11,7,3,10,160,3,12,16,6,1,7,47,10,0,0,0,2,0,19,3,0,7,0,0,0,2,5,4,0,0,2,0,5,91,2,54,1,91,16,0,1,18,3,0,3,5,141,0,74,28,3,6,2,4,0,1,2,2,0,5,0,44,6,32,29
140,10,15,0,39,1,4,11,3,114,1,16,276,195,0,0,20,25,118,2,76,252,12,10,157,4,0,36,457,580,7,3,4,0,0,5,25,0,8,13,0,6,227,10,21,8,64,0,0,0,0,0,10,2,51,4,6,0,0,1,5,2,2,1,2,4,7,76,45,1,67,4,42,0,16,66,7,3,2,16,3,8,0,19,101,4,0,0,0,1,4,0,6,5,8,1,53,3,0,11
128,42,24,2,0,128,156,3,6,12,1,9,88,29,8,5,2,5,10,14,74,10,4,4,3,4,768,1155,2,3,8,1985,1,0,1,4,52,35,44,237,20,11,89,126,8,9,0,0,0,0,15,0,0,8,2,2,7,0,0,0,0,0,0,2,2,0,0,8,2,1,1,8,1,17,3,44,3,0,1,0,0,7,10,5,9,2,1,0,0,0,0,3,2,1,2,0,4,0,13,0
14,18,8,0,2,0,9,0,3,5,9,10,684,14,24,17,14,118,7,16,1,14,3,59,10,214,1790,606,16,53,125,28,31,7,15,8,125,284,9,0,6,9,3,146,1,45,10,11,0,3,1,0,0,3,0,0,3,7,0,2,1,1,0,3,1,7,0,10,1,136,14,1,0,116,12,16,3,1,1,8,10,0,0,0,0,30,0,0,0,7,5,9,0,7,0,0,0,0,15,1
83,189,1,0,0,0,0,0,13,44,11,0,2,1,43,7,0,10,2,1,10,17,13,15,0,5,31,0,14,122,4,9,0,10,40,82,6,9,0,14,1,71,7,1,9,4,15,2,29,48,6,1,2,0,4,8,5,0,5,12,15,4,0,20,9,17,5,11,5,2269,326,87,13,0,26,17,199,3,0,0,21,3,2,6,2,9,0,0,0,0,0,0,2,9,16,1,3,6,6,3
18,1,0,0,0,0,0,39,4,27,1,4,0,2,89,4,15,2,13,9,2,70,7,176,4,6,25,3,0,1,222,36,0,4,1,7,10,19,15,5,3,4,17,4,3,20,0,9,6,3,0,0,0,0,14,11,2,31,13,0,6,3,0,54,0,52,16,9,21,95,53,30,6,17,213,0,40,89,309,11,45,10,0,12,4,0,0,0,0,8,6,2,0,2,46,3,0,6,21,1358
0,1,0,0,0,3,121,9,13,3,0,0,0,0,1,1,6,15,0,4,1,7,17,0,6,0,246,52,2,0,34,29,4,6,23,0,15,73,6,31,10,6,49,6,4,2,63,12,59,50,1,9,3,65,0,3,3,16,0,3,32,344,2,3,4,658,110,14,19,8,72,13,0,9,6,3,0,16,669,1807,342,2,0,0,6,2,0,0,0,6,0,8,0,10,75,0,1,259,1002,154
11,5,0,0,0,6,4,49,0,0,0,0,0,0,1,0,4,74,9,22,23,5,0,4,1,6,0,16,7,15,180,23,1,17,336,9,0,19,5,8,6,7,176,24,0,4,3,11,19,25,4,3,20,6,34,4,2,0,5,0,10,1049,6,2,6,13,167,51,2,0,32,1,8,165,2,17,0,13,33,1883,1799,9,15,404,242,1,5,3,13,62,1,6,14,0,6,93,84,7,15,1
6,5,0,4,0,7,9,0,0,0,0,0,0,0,0,3,3,0,3,2,9,6,3,8,8,9,55,22,0,0,2,17,2,3,41,51,0,5,72,15,17,0,1345,3382,21,6,18,13,232,14,5,2,8,3,4,0,0,0,0,0,4,0,5,4,131,25,13,0,6,5,5,5,8,49,13,4,0,1,0,14,15,0,29,929,13,6,127,181,2,321,1,185,418,17,212,12,9,0,3,4
2,0,0,0,23,3,0,0,0,0,0,0,1,5,3,9,0,5,6,79,7,1,147,42,0,4,135,3,2,3,2,140,61,3,101,0,5,7,165,245,698,199,2824,535,49,11,8,3,2,4,0,1,0,3,4,0,0,5,0,2,0,105,3,0,62,0,4,0,6,4,3,3,8,84,8,3,0,0,15,0,46,11,0,2,7,0,1,47,1,8,2,98,83,16,63,3,19,9,0,0
0,0,0,11,15,0,0,0,0,0,0,0,2,0,1,11,3,14,37,40,6,10,1045,4,0,1,14,108,1,10,0,11,0,2,56,27,0,10,16,20,3,0,471,312,14,42,417,27,14,35,1,3,7,33,0,21,2,4,3,0,0,10,4,2,4,10,2,2,8,2,6,44,1,7,5,6,22,67,11,0,12,1,10,3,9,0,0,7,2,3,0,10,5,0,2,3,15,0,5,0
0,0,6,3,0,0,0,0,0,0,0,0,0,0,4,0,14,2,1,0,5,62,3,5,7,4,68,15,13,117,3,64,9,15,2,0,57,2,4,16,1,17,9,0,36,5,43,45,5,3,4,172,5,20,1,100,7,9,0,3,12,0,104,0,15,0,126,13,11,19,0,9,7,18,63,13,39,222,32,19,2,11,10,1,0,3,3,6,8,85,6,7,1,0,3,0,0,2,0,7
2,0,0,0,0,1,0,0,0,0,0,0,0,0,3,2,0,0,11,16,23,5,5,7,0,4,178,58,3,9,12,14,14,30,0,212,31,38,223,565,0,5,5,1,7,9,7,135,2,6,2,20,2,0,14,0,10,37,630,621,9,37,62,17,14,0,1,4,12,11,0,3,26,101,43,1,7,11,4,4,10,18,1,19,2,1,0,15,0,10,15,2,12,0,0,24,0,0,29,11
0,0,0,0,0,1,2,8,7,6,0,0,0,0,2,0,0,0,6,3,1,6,5,0,4,29,4,17,171,4,2,8,154,30,3,0,39,15,6,28,2,11,1,9,6,3,0,16,5,0,6,11,1,159,0,2,5,3,7,0,0,86,0,1,7,39,5,2,2,15,7,0,0,29,27,0,4,5,6,7,9,12,23,17,6,0,14,10,0,0,6,0,44,0,0,419,73,13,105,10
0,0,0,0,0,0,3,0,0,11,4,0,0,2,0,0,0,0,0,20,19,15,113,227,9,69,16,8,319,2,7,3,53,362,2,8,27,25,73,87,320,29,223,205,35,18,6,65,6,138,22,13,2,20,24,2,0,16,1,14,13,137,2,3,59,1,3,4,5,1,0,6,4,0,8,142,22,17,13,11,3,5,9,7,8,2,0,42,9,0,1,67,87,8,7,260,19,11,5,2
0,0,0,0,0,0,0,0,0,4,13,0,0,0,0,0,0,0,0,5,8,13,28,42,12,7,5,9,11,2,2,3,0,7,4,7,79,239,9,259,201,7,21,9,3,207,6,0,15,10,2,138,109,0,0,1,1,5,0,2,2,29,22,3,0,1,314,4,36,129,2,3,4,5,4,3,22,11,6,16,9,4,2,13,24,26,78,63,18,11,4,119,23,0,0,0,1,0,3,6
0,0,0,0,0,0,0,4,3,43,0,0,0,0,0,0,0,0,0,0,12,11,176,583,14,19,4,2,20,12,0,0,34,12,13,0,21,5,0,6,14,5,13,8,6,7,5,3,13,96,0,74,53,3,86,1,5,0,70,0,16,1,2,34,4,5,6,2,19,433,22,22,122,0,3,0,3,0,4,7,0,5,1,5,21,985,0,9,0,6,1,6,0,4,0,1,0,10,0,0
0,0,0,0,0,0,0,0,13,24,90,2,0,0,0,0,0,0,10,7,16,22,88,11,6,1,0,6,20,12,58,1,103,0,0,1,5,60,372,0,2,1,38,0,6,0,24,12,5,9,15,7,2,21,5,2,4,0,4,12,16,5,2,22,5,1,10,2,0,0,0,0,0,97,220,569,296,0,0,38,28,7,14,22,33,23,55,43,126,2,0,0,5,2,0,0,15,0,0,2
0,0,0,0,0,0,0,0,3,4,8,6,0,0,0,0,0,4,9,7,20,18,29,27,25,134,8,9,17,483,243,746,165,35,12,5,6,9,84,3,2,1,74,12,7,6,19,9,0,2,9,9,0,13,10,10,8,0,75,53,6,2,0,7,84,8,37,3,1,0,11,3,0,4,0,35,7,74,1307,1334,109,8,10,177,0,0,11,0,7,2,2,0,4,0,5,0,4,4,5,17
0,0,0,0,0,0,0,0,0,0,0,25,33,0,0,0,0,0,12,8,19,3,0,2,36,97,1,8,1,1639,2030,3507,313,195,48,4,1,1,330,55,44,1,3,13,0,2,0,0,19,211,3,31,10,6,4,10,10,10,34,20,40,18,59,10,5,8,5,6,0,0,0,58,1,16,19,22,4,490,1788,3240,986,1,0,0,9,0,12,0,0,0,0,1,0,0,0,3,2,6,8,16
0,0,0,0,0,0,0,0,1,0,0,32,19,8,0,0,0,0,0,2,0,1,16,44,0,14,4,24,32,82,1744,3702,540,28,2,3,22,148,76,353,15,0,4,332,90,14,1,0,54,141,16,11,564,797,11,101,223,1,3,1,1,13,23,7,1,19,130,198,18,6,4,5,1,1,7,0,26,28,115,2085,519,20,21,223,1,2,1,5,0,4,4,6,2,1,3,125,262,32,7,0
0,0,0,0,0,0,0,0,0,0,0,0,10,6,0,0,0,0,0,0,5,12,27,74,15,4,56,3,0,6,1816,481,161,29,3,8,0,17,0,3,0,5,32,244,71,1,0,4,24,5,11,74,1620,1320,2,15,10,2,11,7,0,8,16,26,7,0,5,7,8,3,12,34,1,9,7,3,4,2,20,39,19,2,0,8,6,0,0,2,0,0,7,0,36,171,60,0,16,0,1,1
0,2,0,0,0,0,0,0,0,0,0,1,3,12,4,0,0,0,0,0,0,2,11,26,38,25,2,15,4,12,6,25,63,11,5,47,249,6,278,209,21,0,18,1,3,18,0,5,1,22,7,16,12,12,7,16,6,20,6,12,8,9,1,8,11,5,0,0,0,9,0,102,27,1,1,71,22,11,6,0,2,3,0,0,6,5,0,5,23,0,0,0,5,0,1,0,2,1,0,9
0,0,0,0,0,0,0,0,0,0,0,1,0,23,38,9,7,0,3,1,0,2,17,6,113,37,7,2,3,14,14,23,17,3,13,5,20,4,214,637,23,9,18,0,6,15,7,107,5,0,6,6,32,10,5,20,5,32,646,22,2,92,14,10,6,0,0,22,8,115,52,21,147,202,6,4,124,8,2,87,11,17,7,7,64,4,3,107,0,6,34,49,0,2,0,1,4,2,4,11
2,0,1,0,0,0,0,0,0,0,0,0,0,11,46,89,26,0,29,25,49,1,1,1,6,17,21,0,6,6,14,30,419,233,6,4,7,10,31,1974,313,6,0,112,14,2,1,160,0,13,140,13,3,21,10,25,464,26,2,3,8,2,1,2,374,449,6,4,3,5,14,5,10,19,36,3,4,18,11,1,0,0,1,1,0,0,29,19,0,6,0,0,0,7,0,3,15,0,1,0
0,6,2,0,0,0,0,0,0,0,0,3,8,12,33,968,462,93,33,36,13,10,28,7,3,12,7,16,92,152,13,4,41,7,1,0,6,175,2,767,4,5,2,1,1,11,4,10,85,539,0,0,14,15,4,20,510,73,54,26,5,3,1,19,101,7,9,5,175,61,17,5,107,23,2,259,7,0,24,62,0,26,10,0,0,10,39,0,0,0,0,0,0,10,0,0,8,0,2,2
524,4,10,0,0,0,1,0,0,0,11,68,31,4,36,122,33,462,105,66,17,1,19,17,5,2,20,21,147,9,121,21,72,17,0,5,1,3,231,26,11,2,14,75,55,0,0,6,4,24,131,740,38,2,8,6,24,24,422,16,0,0,4,18,32,22,0,11,15,4,56,7,0,36,8,0,7,8,8,99,4,76,1,7,0,5,5,2,0,5,1,1,2,125,1,0,10,0,0,6
493,32,116,21,1,6,0,1,8,0,24,7,0,9,8,4,13,27,13,147,8,6,17,4,26,30,145,23,23,5,85,0,543,32,92,21,0,20,14,15,11,195,26,32,77,0,130,2,3,26,24,54,15,3,3,0,0,15,5,35,4,0,1,5,0,0,2,30,15,5,3,160,9,18,3,13,5,19,187,1,2,0,0,2,1,0,0,4,1,0,0,0,2,7,0,4,0,0,0,0
32,4,75,18,5,1,0,0,0,0,0,0,0,0,0,0,0,9,12,346,384,21,1,31,12,230,31,13,13,16,13,7,8,1,0,10,411,0,13,8,13,187,2,23,157,13,13,0,3,2,15,6,2,0,5,1,7,0,5,57,6,2,16,4,5,7,19,124,117,7,18,0,0,50,6,3,5,5,165,9,11,0,2,0,0,0,0,3,5,5,10,3,0,0,0,3,1,0,0,19
1,31,5,110,6,0,3,0,0,0,0,0,0,5,0,23,9,54,15,163,21,15,13,21,33,239,32,44,37,1,7,4,30,6,8,18,1,4,72,3,8,17,10,19,278,103,3,0,9,396,11,14,21,4,0,0,1,10,12,7,0,9,20,938,404,0,15,3,23,2,41,0,1,3,5,7,57,12,98,1,3,1,0,14,83,4,0,0,0,5,3,9,1,5,0,2,12,0,0,0
0,0,1,29,22,69,41,37,0,0,0,0,0,4,20,32,12,38,28,85,19,9,42,20,89,22,17,4,139,6,98,34,58,17,108,54,138,64,168,0,6,1,2,0,253,17,18,13,1,603,157,246,6,38,7,29,1,12,23,19,11,6,1363,1489,25,0,0,4,20,146,0,24,4,58,0,5,5,9,5,3,4,6,5,6,15,12,0,14,14,49,0,2,7,0,10,10,0,2,0,3
0,1,0,1,1,16,17,0,0,0,0,0,0,0,0,38,47,31,15,201,556,88,33,136,332,38,55,8,61,14,44,1,416,74,12,8,3,14,1,23,0,15,0,4,14,7,599,5,8,7,0,277,1,8,17,16,4,9,23,20,25,13,787,820,0,5,6,0,6,45,17,1,0,18,2,1,10,18,1,4,3,7,1,5,3,1,0,192,9,1,7,3,56,323,0,0,0,9,235,0
0,0,0,0,1,16,0,0,0,0,0,0,20,7,10,29,32,37,99,43,32,29,42,38,63,402,626,40,914,16,10,23,281,638,239,1277,2,26,8,85,2,29,4,3,133,53,0,1,12,12,53,29,8,6,39,627,8,22,7,1670,3203,1863,237,31,4,13,12,8,4,173,3,1,0,54,0,0,2,25,3,6,43,12,5,1,0,0,0,57,45,10,1,0,23,321,5,2,5,20,6,19
0,0,0,0,1,14,1,0,1,0,0,0,0,0,10,2,1,9,49,35,227,34,99,95,21,58,100,139,36,1223,4181,2161,28,304,1508,4788,965,19,7,89,19,26,4,6,375,63,39,1,7,18,127,35,32,16,0,3,0,10,5,81,4462,828,225,2,15,14,21,20,0,8,1,1,3,4,71,16,4,60,12,21,0,2,5,5,0,7,4,0,0,0,13,0,7,0,0,1,1,3,4,0
0,0,2,4,0,7,2,2,0,0,0,0,1,2,2,5,13,16,1,3,26,4,25,31,3,28,121,1228,3623,4554,6822,1714,2650,1160,590,3445,779,98,317,0,1,8,48,25,217,274,349,53,14,1,120,10,15,9,0,6,442,862,2,36,528,1323,792,18,30,295,144,37,16,32,6,10,14,6,73,2,3,0,5,0,2,2,0,1,4,1,0,0,3,0,1,3,0,0,5,4,1,0,6,0
0,0,10,0,0,0,0,10,15,0,0,2,3,0,1,1,37,29,8,23,6,3,0,1,1,1,220,386,833,3407,5474,3030,6407,2094,258,602,61,35,2,0,10,1,0,5,30,18,358,16,11,44,4,57,2,7,19,61,139,218,1409,21,1697,2268,513,168,75,482,13,146,69,220,218,2350,24,15,491,0,22,0,0,229,56,1,1,4,11,0,0,35,184,0,13,22,1,6,0,70,66,10,71,8
13,123,21,8,36,0,2,14,18,3,14,6,0,0,0,0,0,0,11,53,25,15,2,2,7,12,12,15,184,4634,2903,2255,1768,436,26,17,11,10,0,7,1,1,2,3,75,19,0,9,1,0,15,52,13,0,2,1674,1156,716,4812,1851,539,4634,102,63,46,24,16,116,10,15,206,715,40,18,559,21,18,3,14,156,0,0,0,5,0,0,0,8,15,0,0,0,20,0,0,0,0,4,39,38
1406,275,3,0,52,12,28,41,47,23,0,0,0,0,0,0,20,5,23,12,48,24,0,0,0,84,76,29,768,3321,4521,854,7,42,10,14,15,0,177,4,1,38,121,0,2,27,10,1,0,0,15,40,210,7,7,478,527,269,1383,6695,5589,4107,2294,201,10,1,10,48,6,2,131,75,15,3,10,8,346,0,5,8,0,27,2,0,0,8,0,1,0,1,0,3,3,9,6,3,10,0,0,1
15,3,6,184,28,16,0,49,24,9,0,0,0,0,0,2,1,41,27,5,13,1,0,0,1,9,56,32,67,644,530,282,90,54,343,22,4,1,3,2,7,7,98,1,20,13,1061,334,11,0,2,5,9,0,8,32,2159,4862,3177,3585,6029,5697,4301,173,203,103,1169,1727,8,8,17,4,12,23,8,9,66,108,57,30,7,16,0,12,0,0,0,4,0,0,0,0,0,248,13,0,213,3,9,15
871,2,0,0,38,2,6,27,4,61,13,0,0,0,0,0,0,5,27,18,23,2,0,0,3,7,5,12,31,512,1248,390,31,8,8,7,503,0,51,24,12,5,16,8,4,9,7,1,0,139,174,10,430,135,0,0,3243,5171,4195,3715,5387,6107,6149,3910,35,84,13,123,28,20,49,16,439,156,52,12,23,6,47,0,15,16,9,139,1,2,0,0,0,0,0,1,0,8,0,0,67,0,0,4
0,0,2,12,18,18,144,281,146,15,43,6,7,8,13,7,3,0,3,13,22,8,2,0,13,1,2,15,13,9,16,31,11,5,12,6,511,0,0,244,104,14,80,18,68,162,4,104,2,11,164,2,3,10,6,1,2633,4597,2779,4457,6160,1141,2905,1371,0,4,6,14,7,25,56,2,631,535,17,49,18,26,25,11,13,4,49,9,0,11,70,16,0,5,5,3,0,0,1,13,3,4,7,9
33,10,19,18,11,12,499,1723,516,274,14,24,173,6,35,0,14,8,12,7,9,3,23,11,25,0,43,188,59,11,14,8,263,2,15,6,7,27,7,1316,2309,216,3,17,0,1,16,51,0,7,1,3,1,5,4,0,1876,5562,3260,149,1510,2849,889,0,7,2,1,9,7,0,13,53,181,6,18,41,76,258,119,1375,3031,191,22,3,0,11,12,0,0,0,0,5,5,0,777,8,4,0,6,144
975,9,37,53,92,29,14,47,26,15,321,842,975,586,32,2,87,69,5,73,12,22,10,27,20,10,20,139,25,5,3,14,0,26,0,65,194,33,197,2223,3028,893,0,13,9,3,18,8,1,9,0,36,16,196,143,193,237,412,585,208,46,1011,0,0,8,10,1,12,192,125,0,20,12,0,0,35,31,448,77,113,3275,178,8,2,33,56,0,0,3,0,3,12,1,0,7,1,47,118,10,1
9,9,14,51,115,14,23,27,24,23,2089,4041,3359,2086,50,133,36,13,21,21,54,38,0,58,0,5,73,594,43,2,18,7,10,65,35,16,7,12,168,110,574,16,13,195,379,8,1,14,10,36,48,0,15,120,147,92,1656,376,701,2117,70,9,7,0,6,8,19,3,34,573,483,8,9,7,5,5,0,2,114,58,82,23,7,0,24,0,4,0,0,15,2,0,3,2,0,0,9,111,0,245
279,182,97,2891,3580,101,13,3,0,0,93,69,6,51,88,448,3831,79,739,2845,2263,0,10,33,8,30,36,21,102,1,34,54,0,52,18,5,42,9,789,154,7,19,243,332,747,1,0,152,7,0,0,10,36,273,3,3,1777,256,28,341,26,9,86,12,19,4,7,27,9,1,312,0,3,1,0,10,14,20,12,0,32,0,28,102,0,5,0,8,0,1,0,6,2,6,0,5,43,2,8,92
1456,479,93,38,1015,12,15,0,0,0,0,0,0,0,11,454,1979,121,99,1544,4012,567,12,67,971,97,42,10,3,0,14,16,220,9,16,13,30,509,1090,196,6,798,1949,1382,37,0,33,1,0,0,7,26,34,16,24,0,5,64,196,273,99,1,11,16,8,4,22,316,613,3,34,3,3,1,8,46,28,17,10,11,3,65,100,0,6,4,99,5,11,6,0,0,0,12,0,21,101,0,4,0
3266,1250,1566,1983,68,18,18,0,0,0,0,0,0,1,1,126,408,1281,1293,475,136,106,13,254,621,393,65,58,10,34,22,8,106,5,19,299,751,465,0,14,0,14,1170,255,80,57,83,13,161,470,8,9,2,17,120,5,43,45,374,43,0,4,149,5,7,1,8,658,386,1,0,18,17,56,198,246,14,14,15,11,5,0,9,12,0,8,2,2,6,1,4,5,14,0,6,2,0,4,3,5
1036,32,34,58,119,204,79,79,103,1,0,0,0,0,0,12,936,2501,335,28,32,31,64,220,524,1233,56,5,8,0,7,0,8,0,0,25,993,124,0,0,12,6,1079,1,0,0,7,617,1820,1153,11,0,0,0,8,11,24,2,2,9,24,2,145,183,9,9,6,0,0,21,1,0,28,6,39,161,7,1,125,98,16,12,12,16,58,383,6,4,39,30,0,3,9,12,2,0,0,150,57,16
26,12,6,37,174,2432,842,3436,2110,503,453,0,8,18,29,36,35,213,2657,2508,384,9,0,43,166,1310,256,15,16,4,8,4,2,41,83,284,296,0,6,9,21,1,479,4,16,16,61,1744,507,3,6,6,0,0,38,582,20,3,2,25,6,1,79,605,3,0,4,3,10,22,253,10,12,15,0,9,26,29,11,3,194,3,3,0,2,33,41,564,318,1,3,1,0,0,2,26,6,0,395,420
6,10,16,319,3681,7266,4626,1276,624,1190,398,25,54,12,32,171,116,1114,2601,2828,4282,1922,0,69,31,136,14,9,8,1,4,27,12,22,14,441,759,49,2,0,9,0,0,1,21,0,5,268,107,42,17,11,13,176,7,41,0,29,11,87,15,5,6,0,17,0,0,13,25,187,9,10,20,2,6,4,10,214,122,0,14,0,4,1,19,9,93,3133,2224,6,10,0,8,0,0,0,4,4,397,140
30,18,215,118,3554,6536,2025,2405,10,182,2347,1552,1296,27,49,584,52,96,127,2239,2786,3426,1,47,1653,3385,1848,255,1003,2413,1346,1935,2031,396,104,34,70,792,610,11,0,0,3,4,8,5,12,10,11,0,72,163,200,60,9,1,0,18,22,211,0,0,4,13,0,8,21,20,7,1,0,0,0,5,6,4,0,34,81,0,0,4,24,0,14,0,7,77,35,1,9,0,12,0,12,5,0,0,315,15
7,25,565,542,2664,3299,536,49,1,21,1257,4754,1940,526,1874,3949,2745,36,0,17,1326,2211,504,1520,3536,3572,2349,2357,1255,3447,4086,4527,2686,245,1036,264,7,101,0,21,32,10,2,4,10,18,8,17,226,4,11,247,51,21,28,118,0,0,6,0,1,3,24,20,5,2,9,0,4,3,183,40,13,14,48,3,10,30,1,29,30,14,13,5,8,3,12,0,19,144,114,12,0,1,10,1,0,0,253,80
8,107,964,2123,696,537,20,62,1476,157,1195,2846,401,1650,2842,2969,2381,3789,374,337,212,227,1199,2393,4705,1622,2580,1956,1841,3038,5201,4200,3531,3,415,1819,144,47,15,1,29,24,1,259,0,2,2,0,3,0,6,2,257,3,14,3,21,41,0,321,159,160,372,0,8,24,193,29,4,0,80,3,3,8,0,1,3,8,34,174,1480,644,1,9,0,34,5,2,6,0,10,0,0,1,4,0,0,7,0,6
186,125,460,2692,1802,52,84,69,271,15,610,2976,1662,5115,4157,3239,3525,4278,4862,1741,944,29,470,3921,3658,3526,3028,2376,3683,4363,4766,4389,1308,953,1868,2443,1731,1022,9,696,646,9,55,849,2,0,23,58,0,10,266,116,103,12,5,14,133,1205,28,0,5,890,836,32,8,0,0,4,476,4,0,2,1,12,14,119,9,3,20,21,220,202,9,10,7,15,8,16,0,0,9,73,1,2,8,0,4,0,3,596
32,18,84,1444,23,71,1742,888,869,1676,182,1226,604,92,4173,4596,4928,5190,4732,1896,2358,695,1979,869,728,3041,2661,5985,6008,3335,5050,4047,5007,4682,3568,3474,4826,1132,375,464,661,5,3,202,20,11,0,313,42,312,187,545,132,18,0,3,48,37,12,6,6,0,3,16,0,8,38,75,673,0,4,785,84,0,0,24,14,0,9,5,17,29,7,2,1,4,0,33,1,4,74,787,7,0,1,2,0,9,10,690
0,43,226,590,128,5,170,43,222,1501,468,1881,5010,3837,3885,2110,4488,5764,4370,1455,284,3023,3390,3884,5110,5440,3768,9153,11840,6792,4849,10714,9767,4739,3236,4330,4993,1839,0,14,8,5,8,13,3,0,22,0,11,138,0,13,29,0,30,27,21,15,127,988,24,31,0,109,9,2,1,13,2,0,23,79,12,0,9,19,22,1,8,6,10,8,3,16,0,1,1,2,4,0,2,107,4,2,1,17,7,11,0,6
0,32,170,1109,170,23,893,651,87,53,448,3871,3240,7095,13334,7702,2166,5974,6593,1819,2739,3753,2147,4355,5696,5177,427,3142,8742,4798,6548,4645,7002,3621,2111,3525,4037,406,10,0,26,75,4,7,0,0,0,0,4,356,4,28,26,0,87,0,11,8,23,1,18,10,0,1842,0,0,40,4,0,2,81,12,0,0,28,0,0,0,0,17,3,11,0,5,3,1,0,0,4,189,0,7,0,0,0,2,0,0,32,0
0,1,3,10,21,23,1019,347,110,979,644,2936,4786,4729,4201,3432,3147,7887,11092,3806,2695,3535,4469,3475,3042,3999,5450,5889,3160,3759,5221,5396,5560,3736,3970,4389,4288,1432,5,355,2750,3546,116,368,521,5,5,1,323,3938,873,8,25,22,0,0,4,6,6,43,851,122,58,1543,406,26,38,92,86,7,56,46,0,6,0,34,83,0,12,14,10,4,6,0,3,0,10,5,0,18,3,16,24,4,0,0,4,9,822,6
0,0,0,0,0,0,11,334,548,1632,1937,1021,2009,4137,10576,6899,2839,1149,2854,2964,32,2291,4588,1173,502,4024,4110,4315,1687,2191,1519,2768,278,942,1422,873,714,562,167,1791,3140,3169,0,37,957,11,35,33,34,968,5,0,13,0,1,0,12,4,19,57,3253,3349,606,82,3,76,484,13,0,4,0,0,4,1,4,1,4,3,22,10,11,1,4,6,10,0,7,5,160,1094,2,11,9,0,0,6,7,23,3,0
0,0,0,2,0,0,44,58,142,143,82,2615,4202,4944,6259,9480,5911,4105,2583,3357,3,72,71,84,1317,780,2759,553,2775,8689,3929,1560,13,6,12,0,0,2,31,9,716,1099,28,11,0,16,4,0,143,1907,42,4,0,1,7,161,1,899,20,616,2768,2631,2031,34,11,34,328,138,4,11,85,65,2,4,4,3,0,0,8,9,2,1,31,9,47,33,7,41,48,151,700,320,1646,2,0,6,16,5,0,10
5,0,3,3,22,0,120,231,287,2689,2450,1286,4997,5697,5034,6620,4471,2976,2962,5101,170,71,167,50,699,27,124,3009,4335,6831,2067,3122,4,1,5,1,15,309,2720,4,508,4942,1186,114,0,11,17,0,121,13,78,22,12,6,871,790,0,1700,120,1457,1951,1022,82,7,0,7,8,1707,57,15,34,0,8,2,21,31,7,2,18,473,15,11,121,6,50,1293,98,11,7,141,258,1561,185,6,1,0,0,0,23,31
30,0,61,0,68,4,743,3358,179,3008,1381,58,1765,5083,3928,4659,1277,1586,1018,1300,1167,167,802,1007,3305,448,2218,2354,2231,1488,895,4701,325,937,913,1294,1354,100,326,246,1783,784,145,4,4,140,0,10,10,71,1027,64,43,4,7,68,5,16,21,46,24,11,30,19,8,0,17,30,6,10,9,15,26,0,16,39,66,4,44,373,40,2,58,2015,175,8,11,7,8,16,28,45,232,8,138,6,23,0,6,9
502,0,18,84,230,1396,2441,2498,875,142,71,1020,1787,1843,1699,1852,2011,477,47,255,2431,709,2916,746,1264,2275,5324,970,107,1745,3184,3758,741,2522,4423,1915,3181,341,0,0,1481,1061,74,192,0,1,8,170,0,0,368,93,6,0,0,93,46,0,111,267,8,10,13,20,520,118,2,5,321,143,0,212,28,45,1571,1512,22,10,31,10,25,18,29,969,6,5,7,3,5,2,0,6,2,34,983,18,2,0,0,2026
208,28,1,85,235,458,1368,4149,1061,111,365,2550,209,152,188,4049,434,851,293,30,2299,319,1200,11,200,2747,4559,4234,370,3691,4426,1569,2440,1226,1513,17,607,11,448,1229,611,731,1060,0,15,107,92,534,102,284,0,12,9,41,0,0,0,1,2,18,14,10,5,2,12,15,1,4,3,0,0,43,4,8,876,57,28,0,10,11,1,12,8,8,16,8,18,28,164,0,6,0,0,160,2990,737,384,3,163,1042
685,1699,222,515,478,344,2259,3759,4757,2129,537,1955,370,201,677,3732,1080,98,1361,787,2890,1292,4177,3246,1,921,2415,1457,967,277,948,1093,1303,1105,9,29,9,20,80,938,233,15,530,240,173,1760,1585,6,267,38,1,0,10,60,0,0,205,78,114,0,1,0,2,45,431,307,39,436,20,0,0,0,0,56,6,136,103,33,0,5,3,10,0,1,1,0,0,68,4,0,0,0,0,780,3214,2502,236,370,1515,41
835,824,190,1192,637,1023,3231,6343,4791,1667,206,377,2747,1148,2636,377,1715,625,5006,1349,2834,910,1921,1912,588,36,10,2115,3657,2000,2331,1159,82,790,200,260,41,93,22,504,532,1806,4493,3706,3865,4122,1076,14,1488,387,0,3,5,456,6,360,2,2,2,43,71,0,10,1,284,469,3,16,21,2,1,0,513,26,139,207,877,0,49,159,2,0,0,2,20,1,4,5,0,0,0,0,0,0,0,5,44,0,2063,11
107,15,94,381,729,1836,2966,7401,6717,2322,1342,242,343,2167,3150,242,201,2019,2633,1613,2374,3784,4427,3991,3041,3131,620,849,1446,139,447,380,2371,3645,3804,1102,78,516,663,12,1000,3114,3270,3602,2342,2818,186,765,977,304,895,5,169,16,29,556,23,12,0,0,39,158,86,78,1015,298,0,0,11,117,30,7,148,2000,6385,2815,272,1,22,24,5,47,36,10,84,7,29,0,0,12,190,1,0,0,0,0,0,0,0,0
224,67,97,565,1671,3202,2110,958,1844,3935,1237,1646,118,1357,4300,921,26,544,668,1055,3288,3954,6375,7864,4806,2052,1354,0,7,100,185,1338,2802,1567,748,5,50,3777,1870,1883,40,76,33,5,34,1583,3680,1285,2735,2418,2528,29,88,0,3,787,984,29,183,414,0,0,18,42,475,0,0,0,542,33,39,0,64,1718,3096,849,8,14,17,184,8,3,49,35,0,0,0,0,0,0,0,0,5,0,0,0,0,0,0,0
105,27,63,131,908,362,233,75,1520,1941,592,79,130,892,2954,737,525,41,453,2129,2025,734,3991,4458,3972,4177,528,1083,10,631,1434,3036,1429,1159,1794,83,6,119,3821,4046,12,118,1032,11,273,1949,3339,162,69,1255,630,18,0,0,0,217,15,32,182,26,2,99,250,168,854,0,0,14,962,26,8,9,0,22,2205,84,210,458,1,12,106,133,9,0,2,0,0,0,49,0,9,0,455,348,0,0,0,0,0,0
24,20,102,332,493,81,84,296,2265,1824,1358,1905,688,4185,2713,364,25,15,699,1581,3123,343,2464,2927,2175,3280,3463,4894,211,19,1916,3816,3426,3983,4555,117,346,60,3979,647,126,360,1455,66,3065,3223,4851,800,25,8,0,78,73,7,0,88,215,14,44,28,2,4,1,925,982,331,241,5,66,556,98,2,0,7,6,69,16,97,0,0,0,0,0,0,66,0,0,16,349,0,187,4,61,105,4,8,0,73,185,1
0,26,103,237,641,717,129,74,232,1959,4247,1221,263,1571,800,638,3385,1106,361,3733,4023,3354,4311,2227,4352,686,510,4180,3514,758,3019,4889,3698,2827,1856,136,76,114,292,1283,189,153,2594,600,754,3389,1748,56,718,6,1,6,15,0,4,84,550,0,41,66,4,114,11,0,0,2,40,0,0,8,38,0,0,2,7,27,3,4,0,1,4,2,0,0,54,0,1,21,1,17,84,4,7,11,0,0,0,21,351,8
7,102,120,1423,473,268,167,1141,1717,404,141,852,74,707,1953,3887,2395,120,31,673,2133,757,59,1744,4556,301,4,1287,3827,1237,3218,4025,1182,2827,3216,215,130,8,1090,959,46,1035,2355,1697,1,11,34,41,177,203,10,13,122,98,3,5,12,15,37,17,11,607,202,0,0,0,6,0,3,7,1,10,1,0,0,0,6,32,0,5,0,5,0,0,125,101,0,0,0,57,1,0,421,113,2,0,0,0,12,8
2,32,460,1358,10,176,105,456,267,1130,1984,3891,2404,4802,5656,1189,316,1117,1490,838,234,62,66,420,3155,2755,29,55,1966,4317,2248,114,393,2222,2155,75,154,2245,823,228,2,26,3,125,216,53,143,0,157,0,0,18,0,83,7,1,26,11,26,35,9,15,10,9,0,0,11,0,7,1,0,9,0,0,0,0,12,6,8,0,8,2,6,0,162,20,232,791,0,86,33,488,2934,883,20,20,0,0,99,5
1,3,46,255,35,84,76,246,618,263,2122,4414,4684,4165,2510,2057,3238,1669,688,75,28,77,181,63,27,85,1364,498,413,756,756,1192,366,905,1978,1903,287,371,2099,42,48,58,3,55,918,536,48,32,116,31,1,1,4,12,2,4,4,3,3,30,0,6,53,128,42,36,10,9,8,7,0,0,0,0,0,1,1,2,0,0,7,3,37,12,0,0,177,1214,8,84,0,1,152,0,5,2,0,0,15,26
0,0,22,30,28,36,48,60,651,1996,4939,3003,4478,3709,2313,3942,5155,3994,1098,160,7,51,629,45,12,346,647,1724,373,16,1143,2522,1962,2104,215,878,128,0,2,13,13,29,968,2665,1378,9,3,326,35,0,11,233,384,45,15,30,1,6,18,52,6,6,120,45,15,0,21,5,17,158,3,0,0,0,0,0,4,5,0,4,269,9,151,179,1,2,0,11,101,0,13,100,49,0,9,4,0,2,46,164
0,0,0,0,12,49,103,72,417,1657,3044,3547,4654,7346,3812,2171,3497,2084,2084,1833,491,22,372,18,892,416,0,51,24,8,409,2505,1107,253,17,35,0,0,53,0,152,1756,20,57,132,67,248,174,32,28,6,0,10,94,1609,648,4,0,8,21,0,23,2,5,25,12,0,5,28,4241,282,0,0,0,1,0,4,7,0,18,95,0,25,0,3,8,0,158,0,0,0,0,3,0,5,40,0,3,0,10
0,0,0,0,9,73,88,1722,1064,1771,1355,577,2396,2565,2389,826,694,129,686,469,102,94,23,252,249,43,18,79,12,1,35,537,10,24,13,3,5,36,2230,2155,15,2233,53,78,22,2,386,0,61,6,2,0,0,26,1484,13,90,6,56,187,64,1,4,2,9,48,2,54,1203,1141,4,1,0,0,0,7,0,0,0,0,11,8,0,0,4,206,0,46,0,0,112,13,2,19,85,273,0,0,0,0
0,0,0,0,8,112,163,947,1242,1009,226,48,1730,2094,196,31,44,3,314,2151,601,50,118,124,893,5,33,8,358,8,24,135,162,11,223,110,18,8,446,529,0,5,2044,1783,7,10,526,2487,1730,1151,0,13,22,6,393,1819,2043,1023,11,14,10,25,132,0,89,488,0,68,3564,1900,27,0,0,0,0,0,163,1383,38,0,0,0,0,11,0,34,9,67,2,39,8,3,0,0,6,12,6,0,0,0
0,0,0,60,151,573,157,126,78,15,46,223,1231,932,669,51,240,294,1109,792,428,84,12,13,605,37,4,2,4,57,128,10,68,2,45,682,593,7,20,445,1066,156,3168,2027,4,0,0,544,0,4,21,79,2,81,95,763,32,6,33,10,13,107,12,16,412,553,0,32,1777,2695,27,0,0,1,21,17,422,1908,13,7,4,0,0,36,2,16,100,2303,2363,1338,0,0,0,48,9,27,18,0,0,0
0,0,16,110,1565,1398,4,5,10,1623,332,53,52,4010,842,381,28,33,62,1577,903,81,61,321,6,1074,307,5,12,43,299,617,397,1,7,3581,4012,1040,454,1330,611,871,4,2,493,2425,2520,3196,30,7,5,10,28,188,20,44,1,18,7,4,42,13,73,125,3856,663,5,7,4,9,10,2,0,0,3,14,17,31,708,2,3,0,35,524,706,1,752,2743,6424,5113,352,0,25,3,10,2,13,0,0,0
1,5,6,0,364,40,0,0,37,3160,2814,17,19,203,196,1257,365,120,302,836,385,102,1191,3024,690,1789,204,82,0,84,224,1371,4452,1483,1316,96,1972,98,411,2339,493,493,34,639,3290,1623,2429,1758,41,0,68,5,1533,3572,2280,8,17,8,8,133,1,10,6,3,1409,1080,21,336,15,0,7,30,7,3,8,3,0,11,28,2,0,0,0,899,64,0,791,977,1883,3632,1617,0,0,0,1,0,12,37,1,1
61,32,4,0,0,0,0,0,9,32,24,196,19,1146,1356,1955,272,51,485,1305,90,43,409,633,89,20,10,48,0,358,2571,996,1265,1438,4076,2618,710,7,1478,1230,529,2007,38,0,0,5,17,2,0,0,0,9,17,564,737,1,6,8,1,0,1,1706,654,2,1103,4319,1520,254,94,8,0,7,4,0,11,0,0,3,21,7,0,1,16,1046,17,0,74,4201,2490,3617,3676,175,0,0,0,890,1580,92,4,1
632,38,7,0,0,2,0,0,4,4,8,42,689,772,1549,986,1097,105,95,268,436,370,1419,1068,24,46,2,16,383,10,68,1475,28,8,460,3756,2011,1513,3280,1004,96,2157,10,8,5,15,26,3,95,0,0,5,1455,3132,514,207,311,23,9,4,0,984,1185,1,1060,1757,96,605,137,18,14,5,14,15,107,11,17,0,55,9,1,0,47,8,1,13,265,2758,5441,4493,5460,1774,97,15,0,1177,1032,34,49,1
931,8,0,0,0,0,0,0,0,0,0,100,944,1200,1231,1566,433,31,41,28,236,82,524,108,47,23,27,72,496,8,170,1631,3118,4350,2620,3397,2506,2284,26,1403,12,0,208,1,3,172,1,0,55,9,62,117,282,2356,1556,130,1104,258,303,4,11,2860,2233,69,1473,36,29,5,6,1,0,0,7,0,58,6,234,373,613,11,0,0,1,1,0,4,2,283,4204,3708,2990,510,17,16,0,9,9,0,78,1669
422,36,0,0,0,0,0,0,0,1,40,255,635,121,163,166,663,24,23,7,23,177,114,4,19,24,34,5,142,185,17,183,2370,5399,2687,1065,928,1137,1,5,20,3,272,1927,124,1138,1074,7,4,2,2,0,0,810,953,1662,3584,1740,353,5,865,2447,1293,33,6,0,9,117,864,27,4,0,0,12,12,4,3,210,1027,3,155,22,0,283,15,1,19,76,983,2133,9,2,20,17,2,14,12,0,290,420
918,0,5,0,0,0,0,0,0,0,117,21,11,14,483,71,29,88,17,0,1,2,158,30,27,140,56,64,1108,218,68,2437,1571,1923,6607,4454,4147,1479,1675,17,254,526,357,263,961,3693,1716,98,173,0,0,134,0,80,1568,4249,3490,22,319,1336,1710,1104,2693,1478,1,16,3,49,1234,0,0,0,0,0,3,7,259,0,26,0,0,3,216,367,5,2,3,8,1,108,9,0,7,0,49,26,647,542,1,2
571,8,0,0,0,0,0,0,0,0,0,3,0,3,41,31,40,15,148,43,3,19,26,23,307,274,472,3,262,1231,36,1059,1331,89,1669,3060,3342,125,714,73,2186,3860,575,249,13,1876,2468,28,1,0,3,0,7,0,2311,3702,3119,365,5785,4581,2800,1961,3290,3135,0,0,1,8,3,0,3,0,0,9,5,5,45,967,106,0,0,0,0,9,0,14,14,22,88,3173,57,6,1,5,86,0,90,343,3,5
216,16,0,0,0,0,0,0,0,0,0,0,0,0,6,4,0,46,20,47,59,424,851,1106,2324,803,8,14,18,34,15,26,83,10,323,1821,603,2,1918,2910,1941,83,9,0,466,2786,433,96,822,0,0,0,11,12,11,2645,1227,1517,3992,4443,1310,1,127,730,8,12,0,0,0,4,41,336,1,0,0,11,39,910,1725,67,9,8,0,36,0,9,0,1,8,59,111,0,0,1,0,1,1,319,10,2
0,0,0,0,0,0,0,0,0,0,0,0,0,0,0,42,18,3,4,22,5,73,59,98,2772,1114,666,154,27,30,58,198,0,17,619,124,476,3,800,3185,2910,1196,10,5,2507,2816,200,316,778,23,78,36,14,1526,1001,1113,4160,3215,3965,1237,1728,1588,181,31,381,7,2,0,0,1,0,55,0,1,2,0,0,17,65,10,0,10,0,36,7,0,6,28,7,3,2,0,0,43,4,1,2,947,965,20
0,0,0,0,0,0,0,0,0,0,0,0,0,0,0,1,0,3,13,21,16,40,3,9,161,17,370,37,545,364,216,11,0,18,1759,44,684,1745,1377,1276,607,2928,2974,606,19,1,132,87,90,77,64,13,18,485,654,2686,5737,363,2,1280,3417,4188,1993,867,1025,1017,0,6,1,6,4,1,6,5,0,21,4,29,10,0,7,0,28,21,3,14,16,58,1197,50,3,14,6,22,50,72,0,25,2,0
0,1,0,0,0,0,0,0,0,1,0,0,0,0,0,0,0,0,4,0,3,59,31,17,19,5,70,19,215,359,14,19,46,721,1624,1795,4009,3504,3180,20,684,954,1380,3103,2214,114,4062,4824,4107,32,0,169,8,56,3058,4820,2277,1511,0,50,2043,2055,2273,80,9,553,96,735,13,3,0,0,10,16,34,140,91,295,4,11,566,367,4,3,3,1,0,191,1364,9,14,15,5,25,2,0,2,219,0,8
