0,0,0,0,0,0,0,0,0,0,0,0,0,0,0,0,0,0,0,0,0,0,0,0,0,0,0,0,0,0,1703,6483,5247,3014,4431,5410,3102,2198,419,3374,3737,3684,2604,10,2,7,8,5,77,101,235,5,2146,404,47,3171,1634,4236,5000,224,28,8,104,607,548,4063,4215,2382,924,611,295,0,2,0,332,4658,4107,3650,5179,4331,4254,3361,4497,2913,3653,3708,1016,2291,3943,3371,2168,2165,1244,5230,6505,2910,3362,3135,581,1
0,0,0,0,0,0,0,0,0,0,0,0,0,0,0,0,0,0,0,0,0,0,0,0,0,0,0,0,0,0,736,6486,5293,4494,3762,1648,2514,1262,2408,1138,3990,3515,1747,54,4,0,22,0,62,126,56,1492,468,7,12,158,100,2024,1894,2297,2628,2370,905,610,889,2357,895,298,9,14,23,2,0,0,619,3787,5292,4492,1356,3427,6808,3264,2204,4424,5584,5075,2019,2893,5350,4984,5450,4331,3236,3897,2385,2887,4158,3125,8,0
0,0,0,0,0,0,0,0,0,0,0,0,0,0,0,0,0,0,0,0,0,0,0,0,0,0,0,0,0,0,0,613,4756,4246,5231,2584,4972,3826,3317,3520,778,5212,1628,162,33,13,14,41,64,320,1634,3461,3347,227,1481,1952,3137,1022,3,324,2603,3526,4924,1471,1056,33,13,760,15,0,38,0,3,32,826,2317,3131,272,4,5,1848,4187,6093,6774,9603,965,2364,1276,3994,4243,3170,3120,2962,1999,5467,6235,2457,1682,798,25
0,0,0,0,0,0,0,0,0,0,0,0,0,0,0,0,0,0,0,0,0,0,0,0,0,0,0,0,0,0,0,0,1084,8349,4465,7939,4981,1635,1335,1496,2035,245,23,60,25,0,7,115,2790,3777,3648,1451,4209,3064,4117,2109,1141,1112,1833,29,120,448,776,31,282,316,52,388,9,36,15,9,20,20,506,469,1757,234,1,2,685,1844,5959,6609,6204,6601,3475,3204,5401,5224,42,710,5440,574,5173,3913,2284,243,827,330
0,0,0,0,0,0,0,0,0,0,0,0,0,0,0,0,0,0,0,0,0,0,0,0,0,0,0,0,0,0,0,0,0,2181,4992,4302,5967,1968,5994,3387,3816,3963,1141,2009,140,0,4,801,2742,5911,4304,2538,2844,3566,2191,40,2606,4487,5084,2064,143,0,78,22,707,3087,531,317,15,1,20,197,4138,3004,3181,3237,4403,4778,3699,3632,4929,4668,9479,6558,10844,10272,9620,7603,6682,5576,3998,1495,4335,2977,2175,3504,1812,564,1015,1670
0,0,0,0,0,0,0,0,0,0,0,0,0,0,0,0,0,0,0,0,0,0,0,0,0,0,0,0,0,13,1063,465,0,295,5200,10621,5254,6568,5031,4789,2012,1554,1180,406,51,8,6,30,526,3607,1675,140,1615,2098,2556,277,155,382,3296,545,38,12,95,160,121,1281,706,35,4,10,12,976,4473,2379,4450,3981,4980,3937,5157,5733,4223,6932,7604,5954,8686,6845,6479,9278,3933,6122,3766,1051,4999,5172,3842,6393,925,1316,3093,236
0,0,0,0,0,0,0,0,0,0,0,0,0,0,0,0,0,0,0,0,0,0,0,0,0,0,0,0,120,2195,7386,2589,0,0,2739,5463,4657,6005,5840,4698,2570,4308,4434,1201,13,4,598,1633,2240,4821,4104,184,3866,3465,1483,69,949,284,482,2,371,47,106,1368,53,1118,12,0,8,91,46,1433,572,36,538,1455,29,48,85,828,518,7352,5104,3128,8176,10824,8300,5865,2872,5956,577,452,689,3435,2130,4166,175,29,272,658
0,0,0,0,0,0,0,0,0,0,0,0,0,0,0,0,0,0,0,0,0,0,0,0,0,0,0,5,2762,6011,6784,5622,0,3,3643,3873,8339,7290,7026,3028,5133,4452,5395,4259,4166,702,2965,5137,2846,2819,2206,363,5320,298,114,21,2069,135,18,273,1626,59,12,38,1399,89,2221,364,26,299,3840,1472,3,233,160,31,3432,4642,5273,3367,1011,1198,3766,3201,7714,7167,5553,2180,5667,4566,1814,3567,178,3262,2082,302,91,7,76,222
0,0,0,0,0,0,0,0,0,0,0,0,0,0,0,0,0,0,0,0,0,0,0,0,1,41,2822,3594,657,2260,6456,9937,1277,633,4006,3373,5806,7023,3978,8889,3576,5970,7178,5401,3739,3533,2747,4952,3496,2652,17,2050,4394,421,33,5,6,296,458,261,2799,2740,3741,2438,1802,3854,875,2,128,193,2243,3613,1155,0,0,1,4626,3464,5020,5067,5117,147,2247,3892,6572,6153,4691,4834,5193,4010,1640,3004,4431,3530,2461,552,225,24,49,34
0,0,0,0,0,0,0,0,0,0,0,0,0,0,0,0,0,0,0,0,0,0,669,1364,1059,2689,3369,944,1510,1780,1582,2483,1866,1458,4466,6627,6012,3458,2638,6404,4016,4078,2920,3184,3240,1792,2434,3110,118,2710,886,730,238,17,8,0,0,2027,2133,3500,2711,5664,4306,3570,502,21,11,23,241,707,590,1795,39,25,7,827,5184,5115,4617,4392,6253,4927,2197,1011,1822,3276,2764,4670,2154,1387,3423,450,1005,3603,1866,1815,1445,208,47,31
0,0,0,0,0,0,0,0,0,0,0,0,0,0,0,0,0,0,0,0,0,2909,2765,1622,1088,4595,4384,1799,2844,5557,3312,2543,541,22,2749,8948,6837,9056,7811,4782,4767,4265,3123,1396,2339,2667,102,109,3,1,120,67,61,110,10,1449,2537,4447,4228,3370,3155,6332,4813,3274,3469,1706,53,38,37,93,115,17,24,37,11,1423,3638,5256,4790,4741,3774,2211,2254,1939,1719,1610,952,4490,7397,4515,4865,5377,833,392,1206,1690,1569,837,118,27
0,0,0,0,0,0,0,0,0,0,0,0,0,0,0,0,0,0,0,0,241,1133,147,0,32,2714,3791,2880,2827,2244,4643,6281,1515,27,1591,5563,6600,5547,9984,7202,4708,2260,3837,2951,2139,39,23,27,49,1069,1724,1810,344,1,18,1650,4883,3986,3759,3119,1619,4623,1294,125,398,762,0,0,6,782,628,20,125,46,32,2923,3809,3908,4342,5647,1880,4858,6073,3981,4394,2704,4315,3809,5087,5681,4839,5326,3627,1847,1075,4892,1168,645,307,138
0,0,0,0,0,0,0,0,0,0,0,0,0,0,0,0,0,0,0,0,8,2325,1727,894,627,4416,2509,4895,3616,4065,4109,8827,4968,0,0,5538,7737,3615,4283,4794,1440,2846,3711,2450,1172,1232,60,25,1864,2955,4077,3780,1949,2125,32,1483,3934,3018,2153,1104,1341,3533,4110,3053,2594,504,61,2963,2035,1849,49,33,106,65,69,938,3700,5022,2010,955,1254,4228,5681,5426,2287,1954,2016,3414,1951,4102,3602,3508,4086,1162,19,1758,1049,28,62,21
0,0,0,0,0,0,0,0,0,0,0,0,0,0,0,0,0,0,0,0,12,4069,2424,1515,370,1272,113,2249,1748,5416,3673,5051,6757,2720,0,29,1192,3831,4845,4842,3123,1575,3515,5068,2867,1429,7,20,4086,4796,2152,4922,5204,887,42,25,202,0,0,2,3017,3725,2686,3328,1452,141,206,1390,1016,870,204,53,101,22,157,2145,2920,3234,2126,594,311,3424,4908,3693,3179,1866,3608,4186,2025,2324,2639,3348,2937,1056,79,343,181,180,60,231
0,0,0,0,0,0,0,0,0,0,0,0,0,0,0,0,0,0,0,0,0,415,852,332,24,1330,559,266,15,463,541,2863,4730,5658,633,0,0,6,2921,6201,5264,980,1655,3835,3957,1991,67,10,2720,5281,2617,3449,131,0,0,0,17,110,15,141,1071,3478,1484,795,16,17,16,15,24,33,305,40,34,40,1,534,164,848,783,2281,212,3,1630,1224,1991,4929,1704,3236,1883,3471,777,1355,2872,501,612,2478,395,154,297,2074
0,0,0,0,0,0,0,0,0,0,3,47,243,0,0,0,0,0,0,0,0,0,376,80,170,1716,2380,3387,323,0,121,2326,3861,3378,1443,9,0,0,195,1371,3888,726,955,1465,2848,1041,44,94,1189,180,0,692,0,0,0,6,0,435,231,84,199,1085,1755,346,49,61,32,50,21,56,528,25,34,60,8,12,13,145,82,683,18,5,16,182,176,2365,722,3137,3883,2690,191,687,636,7,329,527,465,2026,1070,873
0,0,0,0,131,1891,2450,413,9,955,94,305,28,0,0,0,0,0,0,0,0,0,0,16,20,140,3890,1593,273,2,11,147,2972,3506,1977,128,0,0,0,0,2706,255,1209,4433,2773,1601,0,6,380,0,1262,2236,170,9,19,442,1420,102,30,12,8,1559,1421,775,317,19,40,27,33,57,583,28,101,83,107,5,11,19,8,45,16,0,50,274,219,2922,555,15,516,970,1827,2454,3571,993,409,26,4,11,57,9
0,694,1227,346,1234,3203,3259,1560,5,135,38,129,200,490,6,0,0,0,0,0,0,0,0,0,0,708,2583,1741,743,99,37,81,673,2511,2799,148,0,0,0,0,0,3,3,1094,1503,663,1054,547,0,22,2486,3725,3957,4100,2381,3430,395,104,6,122,150,178,84,3,20,48,25,9,36,33,4,67,78,117,15,2,0,52,42,5,13,5,127,173,2517,3339,1895,64,206,289,35,963,1896,279,211,7,22,1,15,5
2685,4552,4194,545,38,1717,1175,220,17,7,129,50,67,537,41,26,0,0,0,0,0,0,0,0,7,575,1633,2726,1672,3,82,29,23,313,3608,1330,197,0,0,0,0,0,0,5,4,0,1,132,0,522,1586,2232,4962,1861,2919,3448,1105,29,31,10,7,66,113,0,24,11,10,10,0,14,17,3,103,164,6,1,1,142,47,15,25,5,228,1645,2074,2472,1145,105,54,7,0,103,48,197,28,17,0,2,10,17
3284,3057,4275,1,5,690,774,31,7,20,64,213,29,16,5,382,93,0,0,0,0,0,0,0,0,8,696,1005,505,315,221,43,29,1099,4020,3139,922,0,0,0,0,0,0,0,0,0,0,4,0,27,754,1218,2354,3287,4080,3934,1406,68,10,27,27,169,69,44,95,36,15,59,8,2,10,5,13,62,0,0,0,73,37,85,129,122,525,3619,2133,1150,117,2,109,13,45,231,82,21,74,7,0,0,42,58
0,66,538,32,22,1057,286,32,149,361,63,428,12,12,36,78,996,56,0,0,0,0,0,0,0,0,7,19,66,97,47,22,19,31,2000,4068,161,0,0,0,0,0,0,0,0,0,0,0,0,6,5,16,30,1102,700,64,16,217,18,14,24,82,26,48,225,55,9,46,37,31,31,50,100,27,1046,339,1856,417,1024,319,203,118,608,2068,702,55,16,8,20,28,9,1,21,45,36,0,53,3,187,39
8,3,2882,12,16,756,144,17,19,9,8,27,31,0,109,47,51,39,50,2,0,0,0,0,0,0,0,764,1186,2038,125,71,243,547,89,215,447,27,0,0,0,0,0,0,0,0,0,0,0,0,0,496,2622,49,0,29,35,9,47,0,23,61,25,45,84,60,38,3,28,15,24,1,43,13,2300,2963,2041,3,0,31,342,53,93,512,2623,330,39,186,57,20,35,14,61,391,373,37,14,19,17,20
6,96,469,54,14,30,96,62,8,4,11,11,22,32,46,66,70,24,805,1600,93,0,0,0,0,0,0,2,1169,3193,617,121,636,926,68,110,812,2272,2073,947,927,0,0,0,0,21,0,0,0,0,7,1867,2522,26,8,6,26,0,45,44,25,94,54,87,771,53,219,48,301,224,36,17,81,2,428,1699,482,13,4,39,106,107,111,37,605,63,13,40,81,198,883,271,2015,3270,388,39,13,0,10,0
36,47,16,17,7,7,27,0,38,24,7,16,34,30,207,281,1008,1301,1208,1166,1308,32,0,0,0,0,0,0,190,4114,1134,11,85,36,10,550,2841,5097,4291,3373,3088,8,0,0,48,207,11,0,3,190,123,222,1073,134,30,29,4,23,37,6,204,179,17,10,103,3,251,115,1445,597,8,21,2,21,15,33,3,182,69,37,105,206,74,63,153,63,95,58,179,779,791,451,933,184,302,316,17,11,6,3
459,8,52,31,64,37,15,91,17,16,16,36,5,0,0,135,127,78,1587,602,61,736,211,0,0,0,0,0,0,231,138,25,58,29,43,53,155,3541,5373,2761,4419,1311,0,0,6,2219,1198,0,1390,1178,80,11,25,114,40,26,47,84,83,237,85,91,487,4256,666,18,27,384,166,1018,58,375,69,13,5,24,25,6,46,42,108,843,58,52,21,22,29,21,12,228,933,3353,640,70,235,33,6,1,7,0
0,1,115,2302,130,38,31,104,20,4,8,20,35,17,16,78,68,391,287,341,5,202,1634,124,0,0,0,0,0,2,71,319,104,36,11,57,20,1244,5408,3269,2645,475,11,12,225,68,23,93,1909,529,65,19,40,141,596,609,38,110,75,220,173,1942,666,789,1427,597,416,340,421,710,17,7,50,48,126,20,12,63,38,103,56,164,27,23,39,39,18,31,808,3732,2858,2219,3896,675,47,19,1,1,0,0
75,9,92,395,232,26,39,53,95,7,46,38,235,184,66,26,38,26,74,97,11,23,16,145,1080,0,0,0,0,0,0,18,138,99,50,24,189,9,2367,1251,237,19,119,0,29,10,19,192,6,34,43,36,182,58,153,46,66,34,9,54,159,1513,1812,8,1797,3807,3176,3529,1024,330,7,14,43,269,67,39,41,37,201,119,71,35,10,5,17,4,5,183,542,4735,3158,5265,3645,778,43,23,0,8,6,0
9,34,11,34,50,72,14,57,150,1,11,12,354,100,39,17,5,42,17,652,353,7,25,2674,4980,1339,0,0,0,0,0,0,0,37,45,32,30,2,6,36,56,42,45,0,70,36,91,192,7,20,18,61,46,6,10,126,294,354,566,179,70,40,190,1322,2239,3036,2025,1624,545,22,52,87,0,51,35,96,26,11,9,15,19,5,13,30,7,16,21,20,4,3274,3793,4835,1233,140,18,15,1,15,15,3
3,63,36,15,630,130,16,11,18,27,42,7,94,135,24,159,260,199,52,41,140,37,4,294,1452,166,78,27,1,0,0,0,0,30,7,30,11,115,114,136,26,4,99,22,22,23,2,7,19,34,188,127,20,0,0,188,10,100,302,692,1340,65,605,2127,404,3292,996,15,24,0,44,4,18,69,369,20,4,10,14,6,79,23,18,54,54,36,38,19,8,55,560,1593,601,255,348,15,0,0,3,0
9,18,53,13,30,571,7,13,17,176,22,1,7,24,26,39,72,70,203,31,356,20,10,223,386,22,38,66,1228,43,87,0,0,49,105,33,1250,177,396,76,333,439,0,10,523,58,59,50,3,1,48,116,37,5,10,24,2,3,72,904,1370,70,22,2,22,1071,434,10,12,6,6,3,25,63,187,109,739,807,67,50,52,38,63,56,20,4,23,27,377,340,1,606,398,50,34,24,0,0,4,0
10,11,31,10,7,22,2,17,23,141,67,3,8,37,10,46,298,5,10,80,58,197,30,45,24,27,10,21,5053,3184,606,109,1056,296,119,276,1053,75,125,32,1411,2851,82,114,1216,16,20,180,82,16,764,4,26,77,0,292,47,107,39,33,74,126,44,243,0,2352,460,25,30,16,5,42,40,8,73,50,317,95,78,22,2,109,16,37,15,23,8,7,60,39,41,105,19,36,35,14,4,0,14,0
4,16,734,7,8,88,41,22,27,27,26,19,0,2,26,7,17,8,36,12,82,329,28,63,856,120,46,37,3935,2165,4484,1198,608,364,20,79,4,1335,4112,1280,2505,4022,1977,64,918,25,74,411,34,16,78,124,1183,325,20,56,198,8,24,11,55,107,202,15,88,140,23,138,0,19,27,16,12,55,105,566,27,56,99,23,35,42,40,11,27,112,2,13,43,0,8,15,9,3,10,8,10,7,31,1
12,12,84,20,5,39,437,0,0,12,28,14,2,0,4,7,12,15,34,59,248,39,13,8,26,122,638,828,663,78,2463,1040,1472,860,33,42,36,3287,3112,2011,5824,5761,4509,683,235,108,20,33,76,391,75,48,1013,112,3,0,80,27,62,29,45,51,91,80,780,1039,1650,1,14,7,176,2,32,8,109,1424,2261,67,1,35,70,30,31,12,4,19,9,36,20,61,3,45,12,6,45,11,3,8,1,0
13,15,3,6,1710,2075,2566,28,1,17,40,30,54,2,3,7,6,37,41,36,247,26,10,58,1462,46,32,45,176,1618,1675,1989,613,305,3,11,11,22,219,2038,3471,3994,4970,1832,522,39,14,9,1170,648,130,42,34,169,17,36,25,72,36,89,36,35,282,4203,2792,1589,4485,290,88,1814,3074,294,20,72,19,975,848,11,10,13,5,37,47,60,16,2,17,38,13,44,57,75,13,2,8,17,27,8,5,18
9,11,29,13,614,444,644,39,0,24,315,97,14,35,0,7,31,372,56,205,58,43,34,57,199,808,135,276,712,2838,455,745,33,242,167,2,471,158,486,1714,2050,2063,3100,654,944,102,4,7,16,159,36,32,58,12,320,43,64,132,36,181,39,5,123,3716,3825,943,802,188,31,1132,3517,4,40,18,4,10,17,32,39,33,63,101,37,25,56,27,136,63,6,16,8,99,34,8,3,26,51,5,4,6
139,7,17,21,7,20,49,44,21,0,320,40,55,0,0,3,1,34,23,629,767,69,232,2648,661,1975,1583,2476,2132,1170,80,5,13,0,268,36,136,2411,5765,2683,401,333,1906,3,209,1632,70,17,23,22,68,458,83,0,64,24,28,37,10,22,9,1,2,213,3176,55,5,5,36,8,2597,1035,5,13,5,18,0,323,85,16,267,28,22,71,13,357,1048,1405,25,25,5,35,16,13,11,2,6,31,19,0
24,33,19,14,4,29,29,50,56,44,32,24,86,57,0,0,0,0,68,81,87,122,1461,2791,1927,694,1809,3718,3219,742,182,32,183,2774,2044,160,8,0,1219,356,0,20,89,40,38,331,66,29,0,2,25,46,107,71,44,284,4,294,21,7,0,6,28,62,27,71,8,6,41,39,12,43,9,41,25,57,13,105,24,37,59,3,25,1390,2436,2454,2715,1247,48,97,15,9,28,12,4,20,10,13,5,7
82,20,28,9,35,77,19,12,301,7,45,20,267,38,9,0,0,2,24,58,227,651,196,139,218,5,42,55,27,53,1438,20,96,8,108,49,25,43,49,30,5,107,3,4,85,8,53,1,113,26,19,80,0,0,2,1688,112,12,31,8,10,1,9,21,0,21,45,4,23,33,16,14,10,45,28,20,11,10,166,19,60,8,12,401,2013,2195,3516,2343,58,122,15,28,17,160,120,38,30,12,13,15
22,8,14,7,23,27,8,25,43,5,34,46,95,42,23,0,1,16,84,70,18,57,69,18,23,22,39,36,36,472,1093,25,665,728,8,24,539,18,30,4,4,25,6,6,15,45,16,8,7,15,72,41,2,0,75,455,30,7,3,0,10,34,39,5,6,36,117,29,62,6,64,85,132,1203,2384,2750,1057,75,110,74,26,98,44,13,175,29,1108,1437,346,35,44,35,48,22,34,5,5,5,23,8
10,2,51,34,2,0,0,16,6,23,127,274,32,37,14,0,0,0,281,67,55,33,33,264,41,74,787,306,24,41,482,49,111,109,7,0,146,7,31,1,11,18,1,32,12,28,10,63,26,47,5,12,25,17,61,169,91,42,33,26,0,25,55,32,5,9,93,24,42,6,8,1,51,2097,1022,2372,2418,522,4,92,81,94,84,55,23,26,42,33,59,37,81,37,16,5,15,13,1,14,22,28
3,2,2,18,4,6,0,3,15,5,32,61,8,20,398,31,1,1,22,19,47,10,29,23,49,4,224,809,8,12,120,70,16,7,40,0,0,92,72,49,5,78,87,4,0,9,30,2,256,348,26,19,17,21,23,33,39,62,240,65,58,7,43,16,8,12,43,9,20,22,35,10,30,44,1072,652,332,12,21,36,34,3,8,3,60,14,13,47,215,439,48,35,13,2,21,20,13,7,21,2
0,0,2,12,2,1,25,11,19,18,4,1481,1747,405,12,16,36,17,73,19,9,2,10,24,174,615,110,30,58,75,1251,180,28,43,37,15,35,509,55,65,0,11,32,8,0,22,73,19,1046,339,5,25,1,75,34,126,217,101,0,149,38,0,31,33,14,23,3,38,56,2121,202,33,5,20,160,72,70,195,77,36,33,15,10,14,82,15,36,86,3015,1235,814,167,10,14,143,136,31,19,0,8
0,0,0,6,30,136,37,37,83,40,60,229,683,870,90,13,9,5,27,44,199,38,17,36,198,149,42,23,43,16,1482,451,33,46,117,445,583,1093,41,0,2,0,22,13,2,0,60,2,31,4,17,44,6,9,0,85,826,21,0,2,43,88,10,20,6,51,33,18,1563,5875,2425,563,18,63,1038,211,27,80,18,13,2002,27,28,930,544,670,281,275,4779,1485,664,28,42,35,32,133,24,167,456,3245
0,0,2,1,21,8,10,13,13,9,13,14,11,40,40,11,0,3,207,76,37,40,17,27,38,4,33,97,40,93,664,192,118,604,82,150,104,151,68,2,22,208,51,4,13,23,39,1,3,5,14,64,67,25,43,165,19,59,70,0,6,193,25,21,73,126,4,456,2423,5691,4787,4545,568,2081,109,7,29,15,718,1325,344,502,23,689,361,652,586,2095,2653,943,24,40,22,55,4,25,367,4328,4547,2553
0,0,4,3,0,9,0,13,6,22,11,63,43,299,23,13,4,6,24,14,32,30,22,23,16,5,21,53,292,314,63,505,590,3120,382,1124,313,26,47,6,8,85,21,3,7,30,6,23,27,32,32,23,25,37,2,55,20,18,80,60,0,16,30,55,17,25,48,1449,2675,4256,3745,3086,1562,2405,50,25,16,769,2727,2652,2505,610,276,401,1373,2026,860,285,134,16,32,13,16,18,43,26,251,1655,1290,403
0,0,4,1,1,0,4,8,88,18,16,352,55,24,176,35,0,0,26,15,11,4,0,23,12,16,1,20,125,645,163,306,420,26,792,1955,267,20,5,46,109,1645,47,6,57,18,306,8,55,41,26,24,116,107,29,37,10,6,25,14,2,8,33,7,243,38,13,247,2852,3694,6811,206,12,28,26,46,90,35,119,29,1156,91,1886,2762,3429,1493,1745,562,89,27,304,34,15,95,58,106,362,269,348,4
0,0,1,4,2,1,8,5,10,30,18,5,18,15,65,51,1,5,7,19,4,2,0,0,55,85,704,29,88,1492,1618,3656,1637,926,206,9,35,20,17,32,622,236,75,5,12,2,19,10,39,148,25,53,26,16,8,27,12,3,21,96,41,133,65,190,57,1474,84,369,2272,3407,2041,57,12,17,1,21,27,43,0,7,2,20,2393,1514,1975,1925,2091,2350,68,33,1282,541,1534,164,22,89,88,788,597,2
0,0,0,1,0,0,21,37,190,1,10,3,13,5,47,23,19,30,9,193,34,2,9,8,7,221,140,185,16,1872,2340,2044,1104,3019,3009,715,0,45,40,31,0,0,9,2,25,4,26,3,2,21,45,9,27,8,6,46,0,7,102,60,20,86,27,61,2465,4708,1150,1671,868,413,988,193,541,309,2,5,60,32,11,47,8,69,1403,550,99,2852,2964,4372,1993,1338,894,380,796,146,23,16,104,1227,80,28
0,1,3,6,1,3,9,31,24,6,5,9,40,33,21,11,1,15,15,73,37,22,12,3,0,15,125,826,2886,816,1751,1677,1102,4386,3531,3206,27,78,0,41,13,0,5,12,3,285,212,16,20,20,17,0,26,27,10,5,21,22,24,6,12,56,32,52,1144,3959,1842,431,167,1714,933,266,86,153,464,67,19,29,47,130,882,37,256,56,32,3428,4412,3297,3260,2685,1358,1554,237,37,29,20,361,1366,33,27
0,0,0,0,11,15,23,80,54,4,99,22,13,24,0,1,0,6,6,0,12,0,0,0,0,0,3,191,712,161,38,369,1713,1919,5117,1794,0,7,7,38,53,6,1,12,0,26,80,14,47,39,26,24,11,12,16,11,32,8,3,13,20,77,245,6,25,434,109,48,79,349,38,521,327,520,108,30,46,19,126,2226,1480,765,2752,2148,733,478,2975,5339,4272,3054,3880,1640,324,35,14,29,466,26,0,4
13,4,0,8,16,14,25,20,1,1,1,21,9,9,14,9,13,5,4,16,0,0,0,0,0,0,0,30,33,8,40,743,2219,4709,4149,2788,9,153,16,18,54,29,11,78,58,41,11,19,17,143,36,16,29,33,24,0,10,43,18,0,101,50,28,20,5,87,32,59,25,715,90,18,3,186,56,98,21,46,28,423,569,223,939,2934,4112,1376,2602,1950,4127,3458,1178,68,37,27,16,81,237,15,13,1
3,15,19,35,23,4,3,6,3,0,7,0,0,1,11,14,3,5,7,11,2,1,0,0,0,0,0,5,55,44,68,1948,59,580,19,297,33,141,2,66,67,0,3,13,22,25,17,16,134,78,16,134,3,32,34,40,22,27,41,24,179,32,68,0,38,57,13,63,26,10,25,30,17,9,49,593,24,7,6,68,820,51,658,2307,4125,5027,270,3742,3769,5266,3724,1331,54,68,55,58,193,41,19,7
0,13,19,12,10,0,17,14,8,4,5,4,15,16,167,16,11,0,0,4,23,2,9,0,0,6,6,27,170,286,194,19,10,2,14,645,248,422,17,15,32,0,0,6,3,57,9,15,983,239,27,468,12,0,23,39,43,42,38,570,132,28,148,4,1,11,0,10,116,65,14,24,85,17,40,217,3,20,5,124,189,3,65,1628,3545,4949,771,1933,2844,2500,3888,1836,565,3422,1452,721,63,41,14,19
2,12,34,99,0,1,18,258,11,4,3,7,11,6,21,11,0,0,3,39,6,16,3,0,0,0,10,45,1036,4092,2202,29,12,43,15,21,38,65,27,8,6,113,64,59,10,38,28,131,86,45,2,38,39,11,0,14,10,8,29,23,58,354,58,26,15,34,8,13,100,51,6,18,0,41,17,44,34,24,41,43,909,2040,1698,2532,3370,4018,2678,4036,3481,1193,3126,4686,147,190,22,69,11,16,38,36
16,17,16,5,5,19,12,45,12,5,10,6,6,0,0,0,6,15,10,5,15,5,0,0,0,0,12,321,2525,1481,1101,4,80,105,15,54,7,11,175,714,28,34,21,59,161,8,7,54,3,22,24,6,55,7,1,15,150,3,21,0,52,53,15,20,14,42,87,130,7,27,56,30,52,6,4,7,123,1347,581,95,964,790,253,2533,2795,3290,3639,4046,2654,527,36,3186,1243,58,29,2,24,19,12,17
48,39,5,7,10,5,6,394,155,0,18,7,0,0,34,5,5,16,68,31,45,3,0,0,3,14,33,8,113,195,2172,0,17,58,7,16,25,21,69,45,35,32,18,56,236,35,0,8,32,27,11,33,46,13,35,18,29,34,17,1,22,46,22,7,18,103,321,28,67,6,12,32,8,4,12,14,603,1147,49,20,0,1255,713,1138,3542,1888,3574,6001,2686,3428,4758,4895,935,1537,156,52,0,121,11,40
20,10,18,22,38,28,39,563,149,9,61,232,18,7,34,33,11,7,13,46,126,17,2,0,15,44,10,590,2213,946,830,37,29,15,13,21,17,8,16,14,20,13,28,25,37,6,16,19,31,62,23,25,78,13,48,0,2,3,0,0,41,4,19,15,21,688,525,87,217,16,0,6,9,3,26,58,30,11,7,2,15,0,36,1132,3577,1740,4434,358,486,4095,1965,3978,4175,4159,627,75,31,178,19,248
9,36,47,23,11,5,18,0,0,0,0,1,8,8,106,117,27,13,1,24,160,782,72,40,62,234,799,1280,886,8,111,77,24,58,36,35,38,261,23,21,18,3,39,17,13,29,34,23,23,7,35,26,64,414,301,28,12,16,31,12,43,43,12,85,5,100,103,39,1,29,17,36,125,458,20,48,5,13,0,8,9,18,78,57,1279,1802,1652,1204,89,4022,3375,5910,3669,5153,592,95,24,16,155,326
13,13,5,3,23,287,22,0,0,0,0,0,0,0,8,3,0,0,4,12,25,1315,867,54,7,14,166,1066,1236,15,14,38,17,32,12,56,1,676,29,12,18,0,21,45,84,32,1,19,24,54,51,10,52,2774,4182,102,65,30,42,25,0,36,17,3,43,66,22,33,16,13,7,9,27,167,7,63,6,11,290,69,20,11,63,11,96,182,1893,3493,2213,4352,122,1249,3306,3402,2115,905,2308,42,14,7
0,0,0,14,17,95,9,6,0,0,0,0,0,0,0,0,0,0,0,1,15,2,13,3,1,5,48,30,158,29,189,0,3,5,16,14,34,30,56,28,49,219,12,9,66,30,43,51,82,58,51,9,0,554,1194,14,85,20,11,0,2,5,12,3,12,2,73,6,7,31,3,0,99,164,42,72,31,2,32,737,17,22,1,14,3,5,29,1046,1995,605,48,56,743,2375,178,1299,1157,476,113,0
0,0,0,10,12,20,0,0,1,0,0,0,0,0,0,0,0,0,0,6,3,1,7,1,19,20,1,17,91,943,41,5,21,2,34,6,40,44,14,14,10,520,31,17,41,143,31,5,381,9,49,12,11,45,10,39,52,213,2,4,22,1,12,19,1,11,141,20,9,21,18,0,40,19,30,29,43,1,7,178,64,30,0,0,15,36,0,43,131,847,33,14,609,818,419,18,8,161,23,60
6,0,14,12,25,2,0,0,0,0,0,0,0,0,0,0,0,0,18,11,342,19,7,137,35,2,18,29,78,1873,11,39,21,35,42,26,21,26,21,0,14,23,9,16,7,27,17,31,55,9,15,20,32,26,21,101,30,0,14,204,0,10,8,7,0,6,5,12,17,11,363,15,33,3,12,3,47,22,9,32,53,120,5,0,3,65,34,587,843,486,23,19,21,82,17,258,94,129,17,2
4,5,15,235,12,0,0,1,1,0,0,0,0,0,0,18,10,18,8,39,436,75,226,47,21,31,83,3,339,760,33,44,256,41,12,64,61,85,13,22,0,11,16,5,12,0,18,14,4,0,3,19,20,35,371,51,0,6,17,19,164,15,8,11,8,2,0,7,1,10,2,28,46,0,6,54,23,24,5,47,13,37,3,10,0,14,182,97,407,0,0,41,35,40,96,408,26,1,5,2
19,2,14,170,0,0,0,0,0,0,0,0,0,0,0,0,6,2,6,56,15,21,47,8,9,7,49,74,293,568,32,326,1769,162,15,12,464,259,35,108,14,6,3,5,57,11,17,7,0,0,48,66,89,35,76,10,487,0,2,0,3,11,15,18,44,20,4,9,17,17,17,5,0,740,944,179,527,0,2,22,19,2,88,11,26,6,24,3,84,19,49,40,116,4,56,64,12,1,0,5
0,0,10,22,0,0,0,0,0,0,0,0,0,0,0,0,0,0,0,42,4,0,21,9,0,24,15,72,1198,246,32,95,24,18,1,7,41,19,71,736,492,12,0,150,32,66,118,35,0,37,46,80,96,53,37,64,485,32,0,32,9,22,14,6,18,28,173,117,19,35,57,18,30,406,781,104,4,0,12,0,92,123,164,119,283,191,2,19,118,512,171,422,26,0,13,40,47,21,29,37
2,0,5,0,0,0,0,0,0,0,3,0,11,22,0,0,2,29,26,4,3,2,3,6,0,10,79,77,102,92,655,20,27,26,0,6,24,14,44,2021,513,14,42,118,75,26,31,4,50,70,25,122,49,24,12,113,65,34,22,7,6,11,56,10,15,19,2360,3082,928,11,40,22,4,8,5,4,12,6,7,29,1,48,14,166,34,2,6,0,14,2099,2246,1,18,13,359,85,23,27,18,0
0,0,1,0,0,0,0,0,0,0,0,0,0,2,8,5,18,48,4,13,0,0,1,1,3,25,87,25,81,50,1951,11,23,8,9,15,142,11,1,66,187,25,3,6,142,10,126,18,63,30,14,6,55,9,243,560,92,40,70,8,2,2,59,16,53,823,3640,743,3,24,0,58,6,7,0,9,37,54,10,8,9,29,7,53,11,1,34,19,12,1797,2527,2028,1,17,22,33,14,33,19,18
0,0,3,0,0,0,0,1,0,0,0,0,0,0,0,70,6,0,11,17,12,0,0,6,4,14,23,36,18,112,455,90,19,19,9,9,27,7,118,142,40,11,0,49,25,7,12,12,0,37,42,31,119,8,14,45,54,50,82,29,17,18,11,43,53,181,4,41,27,20,6,1,0,3,17,5,76,36,103,35,7,0,91,8,3,196,1111,129,42,1791,1517,1912,8,0,6,19,20,125,28,42
0,0,0,0,0,0,0,0,0,0,5,9,0,0,8,5,0,0,0,0,19,4,19,23,3,7,12,27,30,0,142,421,893,6,9,2,28,22,2,3,5,2,0,2,5,11,6,102,39,36,29,76,6,4,0,36,79,23,1,20,41,21,23,312,732,16,41,11,61,0,3,6,81,0,6,1,23,11,108,14,43,10,3,209,35,1,8,10,0,27,0,232,20,1,13,20,10,39,10,61
0,0,0,0,0,0,0,0,0,0,0,7,9,0,0,15,0,3,1,10,10,9,1,5,35,56,28,17,833,2527,1422,105,525,149,25,4,3,2,33,2,10,5,8,3,40,3,7,12,2,28,34,55,15,43,9,38,60,11,13,4,6,25,61,11,299,209,20,1,50,22,20,14,64,12,8,0,9,37,29,26,4,19,24,26,69,6,24,16,0,7,3,16,0,115,34,3,9,4,3,52
0,0,1,0,0,0,0,5,0,2,1,1,6,0,1,7,9,13,0,0,12,11,27,7,4,11,20,37,3402,4212,3593,22,5,23,0,0,0,12,0,67,11,5,7,476,0,25,72,182,7,40,555,2548,161,9,5,8,37,2,11,183,27,8,146,17,213,93,47,54,12,10,10,453,167,18,29,13,6,26,95,108,76,121,231,756,29,2,154,158,0,30,6,33,28,34,63,9,4,33,16,1
0,0,0,10,4,0,0,0,18,13,2,4,1,0,6,11,9,9,49,2,143,50,4,4,18,34,14,46,900,489,118,22,41,11,4,4,30,20,0,18,5,3,7,96,0,4,50,39,23,1,517,1993,199,49,7,0,147,20,18,22,4,418,60,17,154,80,105,59,44,63,42,7,82,4,6,2,33,16,20,19,35,37,570,1076,22,29,11,7,11,82,59,39,9,6,40,44,9,36,56,0
0,0,0,2,34,2,0,0,0,1,13,11,12,10,11,0,9,14,4,15,59,23,20,24,8,46,23,47,1202,125,9,11,9,23,16,25,18,16,3,30,83,15,12,20,5,16,2,5,18,22,81,28,39,12,51,53,11,5,10,1,7,113,8,18,53,9,8,61,122,101,11,3,3,10,0,10,152,28,0,7,53,9,38,20,3,20,17,93,124,0,8,3,25,18,35,167,24,221,1,31
0,12,6,4,7,123,13,1,0,7,31,26,231,12,6,11,6,17,12,15,4,6,1,9,27,464,336,57,57,20,109,1,17,24,81,12,47,13,31,0,10,12,58,44,10,113,9,3,11,12,5,26,6,0,41,11,7,10,24,10,7,17,18,5,11,22,4,17,41,574,81,9,1,6,68,18,35,8,42,11,12,41,27,10,75,0,3,117,354,30,2,693,9,44,326,18,32,719,18,54
0,0,2,11,19,55,20,11,12,16,21,7,284,12,25,17,5,22,13,13,12,18,1,27,9,103,104,19,51,21,124,180,3,31,991,46,28,28,12,0,15,5,79,9,3,53,1,14,2,9,25,19,0,0,10,3,30,23,22,11,13,2,27,1,22,18,294,16,29,59,10,44,5,9,15,6,43,43,59,539,165,15,0,0,1,13,1,106,26,208,1817,3755,461,99,79,30,7,10,14,233
0,0,0,2,0,0,3,22,268,24,6,29,14,25,12,21,3,14,98,9,8,13,29,31,73,107,23,182,124,92,24,76,66,6,25,25,37,26,29,79,69,39,102,2,42,5,50,41,1,10,30,369,43,43,0,17,122,15,11,17,15,44,37,42,15,2,145,37,5,0,63,149,10,18,19,14,27,18,12,13,29,51,19,21,14,163,0,31,56,29,1057,2809,4568,2632,174,6,3,34,137,64
0,0,0,0,0,20,8,5,16,9,40,32,22,35,0,0,20,15,9,1,21,51,5,20,10,35,78,78,51,33,12,0,21,8,25,27,16,13,11,138,78,23,35,33,8,82,328,94,32,11,43,45,182,35,3,24,97,9,10,5,8,9,14,7,8,103,22,7,29,32,20,21,10,9,6,3,7,9,150,8,0,11,12,4,66,70,9,35,23,214,1853,1310,2264,4197,2333,67,5,35,41,181
0,0,0,10,4,11,5,8,2,8,16,14,8,53,13,0,14,10,4,17,3,18,12,26,40,0,12,797,56,11,9,6,31,166,14,5,20,13,18,659,133,34,449,43,29,4,0,19,251,134,37,63,23,0,243,296,135,48,30,34,26,27,17,11,17,13,1,14,36,22,12,5,20,46,0,6,81,0,45,43,7,25,2,19,12,28,59,54,166,540,603,1857,2654,1097,2319,424,13,46,0,843
1,3,0,1,0,0,0,0,6,9,23,11,12,4,2,5,43,12,10,16,16,29,13,30,44,38,247,284,8,62,118,30,16,78,143,64,26,5,0,76,15,8,1092,0,5,2,11,8,8,74,4,7,24,15,27,843,510,113,18,19,0,151,84,88,97,40,14,31,34,28,13,18,25,63,15,82,33,0,4,21,22,21,924,788,10,35,60,12,61,68,2988,4323,3456,2361,3321,2189,121,208,16,10
0,18,0,0,9,0,0,0,3,2,7,12,4,15,25,9,3,14,184,122,5,307,525,11,7,100,609,103,15,1,14,7,11,190,50,91,3,27,69,55,19,9,14,114,7,47,27,82,2,5,33,20,299,5,1,365,139,3,0,6,25,6,44,55,7,49,58,185,319,0,1,808,41,1,1158,145,0,4,3,5,13,72,1749,287,29,50,708,22,25,13,25,1588,4336,280,2847,1437,3,130,0,12
0,0,55,68,5,2,8,7,0,3,0,3,14,163,851,12,7,17,14,7,13,39,31,78,14,18,25,9,18,6,14,22,0,32,24,8,36,67,227,13,75,113,30,72,59,45,24,1200,1,48,9,64,224,9,18,4,10,19,0,10,2,62,28,240,14,26,47,29,39,10,1,223,805,505,3386,2389,5,10,35,0,49,23,50,13,4,59,33,17,4,35,175,158,454,11,11,109,622,280,0,0
3,27,4,20,19,7,6,3,9,8,8,5,8,14,110,69,21,19,11,13,24,20,21,34,43,68,192,738,54,8,25,3,77,7,2,35,5,199,50,84,14,18,4,90,23,15,21,9,7,39,10,27,103,123,51,15,37,10,33,61,18,14,0,63,1,0,6,0,11,0,54,22,117,347,3668,369,0,3,58,13,35,0,11,15,0,56,14,53,76,20,11,11,31,458,12,4,41,0,0,0
2,11,1,4,7,7,0,19,3,6,7,3,1,11,11,6,12,70,14,34,25,4,6,27,36,1,25,115,266,42,24,4,29,16,16,19,58,22,34,31,6,26,17,97,43,0,15,25,7,18,1,73,11,31,9,6,4,7,26,631,33,0,25,83,7,0,6,0,23,1,0,10,8,53,712,165,0,4,78,164,55,0,22,15,349,18,0,56,116,1,42,46,96,289,15,211,26,9,0,1
0,6,1,9,3,6,7,11,27,8,9,12,20,13,10,7,8,8,13,11,11,30,36,50,5,33,31,12,7,3,7,13,10,39,0,0,2,6,3,2,18,7,16,39,5,13,0,50,0,590,964,267,11,6,0,16,13,225,16,11,15,28,26,46,17,22,38,132,0,7,29,3,47,237,15,71,29,19,3,28,29,1,38,19,21,16,1,12,7,55,19,21,32,0,1,87,9,3,0,2
0,0,13,10,3,3,0,6,8,24,7,8,7,8,5,20,0,60,0,15,5,29,10,62,54,351,78,13,6,10,29,4,454,35,5,9,2,6,13,68,82,22,21,278,50,69,26,28,35,2015,3160,3217,493,9,11,33,18,92,14,9,13,165,56,94,9,6,0,29,146,33,172,1,399,233,21,15,77,2,26,0,20,0,1,32,4,5,30,7,28,0,49,28,9,58,9,25,10,2,5,0
0,0,14,19,0,12,4,9,13,27,8,7,9,3,6,16,16,0,36,22,14,33,21,20,18,35,9,13,1,5,7,23,13,19,83,47,66,8,0,0,6,25,6,43,236,277,4,42,9,2720,2956,1391,215,14,5,6,24,29,211,52,41,24,32,129,230,43,20,30,115,134,1125,1685,135,15,29,12,51,10,41,63,5,2,0,37,11,11,20,5,14,23,28,19,1997,473,11,5,12,12,224,501
1,1,7,10,0,15,0,0,4,3,14,20,4,14,9,382,20,13,27,14,6,20,39,7,29,27,25,5,11,6,19,18,7,1,3,0,4,9,2,9,62,654,62,0,22,1482,1280,701,1169,4568,3703,3616,110,4,2,4,15,193,8,7,2,70,41,2773,2679,547,1510,463,2,1124,4333,3033,428,9,18,11,22,34,0,50,83,8,0,27,7,268,77,33,12,10,27,138,3987,802,58,3,4,1487,1834,3687
21,3,1,10,3,0,41,6,13,7,114,62,10,6,32,18,19,13,22,8,7,3,43,22,21,22,7,40,22,52,333,22,14,41,3,2,33,55,31,51,15,36,4,22,0,1828,1833,2870,3001,2542,4315,2198,1,21,23,145,7,9,3,84,38,51,90,1070,3866,2465,3833,1711,1856,3916,2944,564,5,28,2,73,253,12,45,15,57,27,27,8,568,1138,10,159,0,1,7,43,255,171,3,10,10,2260,4029,2885
75,18,11,3,5,4,15,13,11,11,52,5,26,0,13,14,18,10,6,1,30,364,860,12,8,66,3,299,68,28,10,22,18,60,129,138,60,6,9,30,68,38,27,21,14,24,56,2942,1298,4042,2948,467,27,6,29,15,3,7,6,28,36,38,221,16,3107,3250,2616,3276,647,2364,2806,420,20,9,1,27,19,35,3,11,49,47,32,38,9,0,0,0,54,0,14,9,5,5,4,1,7,2714,5419,3225
54,86,7,8,9,2,18,3,11,4,10,24,17,16,15,2,1,22,9,38,4,26,22,22,4,1,11,245,20,16,11,18,0,50,18,1,18,28,0,147,139,40,32,134,300,104,7,642,3017,412,2150,552,28,4,14,0,33,1,9,12,16,22,3,37,1817,1162,2271,1226,2238,2755,3325,2804,963,6,4,36,7,11,7,14,185,14,7,63,44,2,36,15,103,23,11,97,33,14,0,32,1106,2922,2453,2689
17,5,34,166,21,9,4,17,19,9,11,30,26,33,5,2,19,0,13,30,21,12,24,35,2,7,45,9,9,1,22,23,18,39,23,520,17,2,74,12,0,9,13,206,536,8,143,1101,301,0,31,43,6,12,103,7,5,23,0,34,30,32,0,20,4,19,140,1166,2926,708,317,743,0,1,3,15,0,0,9,23,0,26,19,595,24,6,11,38,814,23,90,9,0,40,32,63,1167,3879,2531,608
4,5,15,8,8,15,28,5,16,10,10,15,40,42,23,10,5,6,3,21,21,62,1376,624,42,30,7,11,0,10,9,8,2,4,2,7,8,0,8,27,26,27,69,102,12,5,7,2167,1691,4,0,5,10,10,0,8,56,6,2,0,31,6,16,7,10,6,522,1274,2726,2126,3059,132,3,35,1776,1636,20,3,19,63,1,12,10,9,4,65,20,206,1481,32,9,34,24,311,34,46,570,104,1430,0
19,7,0,0,8,10,5,9,24,23,12,24,17,40,38,11,7,6,12,11,52,259,2399,685,6,41,9,4,11,3,2,7,34,14,18,18,7,78,18,11,16,61,7,11,83,194,100,37,4,10,22,9,20,503,240,0,16,6,29,4,28,8,3,2,79,18,105,1240,3811,1106,3330,29,10,15,2076,649,14,12,10,52,5,0,0,0,0,11,7,22,108,4,1113,215,38,8,63,13,36,862,4549,1955
11,0,0,1,10,1,7,18,9,177,731,19,14,13,11,13,4,8,3,29,8,9,598,35,97,5,0,2,8,8,36,4,2,6,60,1,28,61,21,546,340,56,121,9,308,22,88,48,93,311,18,34,48,20,21,12,2,20,41,61,178,7,14,23,191,2,281,1289,2573,3014,4064,906,20,43,125,37,14,17,24,33,89,22,19,24,6,0,8,12,12,6,871,683,174,11,688,10,57,3479,3431,2349
0,0,0,0,0,10,1,17,7,118,44,10,13,19,6,4,272,24,2,1,13,45,8,14,104,37,1,3,0,12,17,6,2,46,0,1,14,576,44,525,533,17,20,10,38,62,4,15,11,218,14,41,25,30,3,32,83,8,5,4,6,135,0,14,17,13,168,294,1600,2545,2360,3,29,15,29,11,3,21,2,717,912,14,19,10,106,7,0,10,2,18,21,130,1084,2160,1100,28,14,13,769,649
0,0,0,2,10,15,19,22,21,2,49,23,16,10,16,8,23,11,1,11,28,14,41,20,31,6,5,15,1,6,14,284,322,4,0,10,56,911,7,44,6,1,29,78,56,2,48,104,23,59,22,10,14,0,0,109,34,4,33,317,22,4,9,130,57,44,394,2420,4500,2686,2109,5,79,137,26,17,16,7,30,39,1781,1947,43,20,80,66,124,75,14,11,2,510,266,476,78,0,8,540,112,393
0,11,6,13,3,10,21,5,20,14,2,8,11,13,2,9,9,11,10,13,28,30,69,30,8,21,4,17,8,14,0,0,0,15,12,18,68,8,0,53,29,17,60,15,18,39,8,288,115,72,2,2,46,40,37,24,32,3,5,343,21,61,2,2,20,61,266,941,1464,1240,2926,44,29,1,9,32,0,10,9,31,438,264,59,69,10,289,3280,3277,813,511,2075,2979,3401,232,13,857,1823,19,1260,3055
0,0,3,13,57,31,13,12,18,4,6,83,36,5,4,54,29,33,14,17,29,10,1,198,314,15,3,12,125,6,0,10,21,30,11,41,45,217,5,13,2,3,130,29,7,8,4,280,32,6,12,7,15,438,11,72,11,18,5,0,2,12,8,20,38,12,271,2081,290,293,71,22,52,12,13,13,107,25,1,20,40,56,43,236,69,247,968,2114,824,3673,3667,4476,2302,3042,280,1504,3418,2462,4375,3799
1,8,3,2,17,40,129,15,36,47,35,7,7,1,5,30,39,35,126,22,7,29,110,50,17,12,34,7,4,10,0,38,49,105,33,9,48,19,0,7,4,6,13,16,10,1,39,50,11,0,2,118,1,47,2,9,3,4,2,109,11,198,65,22,15,20,23,1647,977,4,10,21,36,3,14,17,287,4,0,55,43,0,3,0,6,31,103,245,898,3945,1196,2745,5895,5869,3927,3944,4452,5661,2363,2224
0,0,5,5,9,19,31,21,7,8,17,5,5,10,6,8,11,14,162,118,10,30,36,72,3,0,1,32,20,18,27,15,34,57,14,1,132,4,0,4,2,0,3,24,4,2,12,10,185,44,21,32,1,31,6,19,25,9,8,10,26,22,469,4,5,10,13,15,9,9,10,8,155,34,6,21,10,1,97,13,32,16,18,22,0,561,2166,1859,1653,3583,3379,1622,5366,4223,4954,4222,4541,5022,606,5321
