4,0,0,0,0,0,2,22,0,4,0,7,0,0,0,0,0,0,1,0,0,48,3,89,7,184,53,37,304,37,186,8,8,114,31,266,389,377,239,6,31,3,49,1866,2036,4302,904,641,1215,2476,1082,1067,236,1000,1568,669,1982,325,8,4,7,0,102,54,425,1385,178,1503,0,2,4,0,14,6,971,986,369,957,150,4,36,226,0,0,0,0,5,42,222,116,0,0,2,328,48,0,1,103,6,0
0,9,0,0,4,11,1,0,0,0,0,0,0,0,0,0,0,0,0,0,2,0,0,2,8,968,2828,1812,772,9,50,3,144,141,70,28,582,47,339,51,66,35,21,18,1289,3879,855,36,18,1160,4845,3258,1011,3413,1376,0,8,118,0,0,1123,2126,2810,38,14,0,75,24,0,0,4,0,1,6,1,7,55,205,2,17,50,2,0,4,14,1,50,0,181,30,2,0,26,2103,263,8,2,10,29,0
24,807,375,2,9,0,2,0,0,0,0,0,0,0,0,0,0,0,0,0,0,0,0,4,6,6,1605,1838,3077,3,4,48,17,4420,2961,1057,146,23,2,17,23,28,2391,2962,1437,1676,1247,11,69,123,735,20,15,599,211,0,293,278,0,0,310,3902,3170,9,0,1,1,0,2,6,25,0,11,5,6,9,8,7,2,2,87,0,4,5,308,42,1,0,0,89,0,0,24,151,239,2,8,8,1,5
1878,1280,3538,256,1,0,0,0,0,0,0,0,0,0,0,0,0,0,0,0,0,0,0,0,17,3,41,122,125,4,0,10,14,1369,5426,3115,79,1880,837,3,9,65,11,2696,4582,553,18,39,97,9,0,98,57,0,4,0,388,129,5,6,2,0,6,20,8,5,9,0,15,6,0,0,2,3,0,6,24,0,0,14,75,2,2,4,4,2,5,3,1,18,8,5,5,106,0,0,0,13,390,1
702,3557,840,261,184,0,0,0,0,0,0,0,0,0,0,0,0,0,0,0,0,0,0,0,12,6,3,12,16,418,6,8,9,305,1447,2264,416,1549,312,28,1755,3634,1220,2974,601,51,610,141,185,12,4,0,27,16,0,11,51,11,4,3,6,61,9,14,38,7,31,0,180,134,0,0,1,0,1,3,90,7,23,51,0,10,3,0,8,366,45,0,1,1,0,2,0,11,5,8,4,0,99,22
1573,1788,944,2731,2109,20,0,0,0,0,0,0,0,0,0,0,0,0,0,0,0,0,0,0,3,3,1,4,17,864,52,0,150,1018,107,1430,310,15,614,2716,4619,1163,174,13,10,888,2482,1243,70,140,7,156,153,674,4,3,0,0,28,65,0,17,0,2,5,113,359,14,157,100,0,0,10,0,1,8,1091,522,237,267,4,5,1,7,240,530,17,2,7,0,0,0,21,40,20,15,11,8,198,9
526,1434,3363,4118,2276,12,0,0,0,0,0,0,0,0,0,0,0,0,0,0,0,0,0,0,0,0,1,22,16,106,1795,637,219,2667,1918,4346,3283,1979,253,1514,4272,2284,533,4722,6275,4689,51,1846,3240,1100,50,334,1183,174,0,182,0,4,1092,2704,315,58,3,3,1117,1769,63,10,0,1,0,1,4,0,0,45,52,470,34,1,11,11,11,3,5,16,55,9,2,0,1,1,51,213,1,0,3,0,28,2
563,14,2,157,27,0,0,0,0,0,0,0,0,0,0,0,1,0,0,0,0,0,0,3,10,0,55,21,6,16,1528,451,56,4112,4446,4185,4930,2752,1141,1763,2783,2202,1095,5214,4771,1100,201,3760,5766,1530,310,2618,3226,4403,26,4,3,18,454,314,15,1045,1507,342,295,275,13,0,27,4,0,4,12,9,1,16,456,317,34,12,500,137,11,8,0,3,0,39,0,10,3,4,12,49,5,4,0,1,240,2
2,0,11,35,1,0,0,0,0,0,0,0,0,1,0,0,0,0,0,0,0,0,1,8,20,28,155,67,15,15,358,1266,2615,4067,5777,4450,6231,3799,4138,189,1594,0,1243,2204,3851,3954,1073,2383,1795,1360,571,181,709,2697,1275,1,6,3,8,4,161,1577,1448,1823,59,3,47,6,181,417,0,0,0,105,7,0,6,13,0,0,1278,634,317,8,1,1,121,265,2,6,0,0,82,77,0,0,0,4,0,20
17,10,23,5,0,0,0,0,0,0,0,1,0,0,0,0,2,0,0,0,0,0,3,7,0,13,9,43,127,32,434,1640,6759,2256,2527,4221,6791,5176,1668,284,2537,2077,1799,1247,3774,2893,8,35,479,4,14,59,0,13,19,0,15,2,3,0,219,93,4,0,26,247,0,12,8,166,28,24,20,445,71,17,9,424,156,9,1201,4107,2764,30,6,0,5,5,4,6,10,12,97,82,33,18,12,11,9,24
38,66,12,47,0,0,0,0,0,0,0,1,2,6,4,9,1,4,0,0,0,0,2,7,0,0,1,54,172,88,1045,1728,6053,5046,1,3984,4695,166,71,148,1,2331,3704,43,432,77,0,73,126,1375,8,45,58,0,9,46,18,8,0,2,5,0,35,20,14,10,0,76,535,121,15,55,3,0,0,4,6,183,373,2,0,1678,3553,382,2,1,0,121,6,0,0,0,0,27,258,477,24,3,8,0
9,26,2,124,0,3,0,0,0,0,0,0,0,0,0,0,3,0,3,1,0,0,7,35,23,3,0,38,26,586,2900,4991,4163,8054,4623,5135,1805,126,4614,2337,0,127,1956,633,30,14,0,0,416,2784,545,352,140,0,6,27,229,47,270,81,2,0,103,0,5,556,41,10,3,6,0,4,233,9,0,1,12,5,54,7,0,1254,1344,220,1,14,6,82,5,12,0,0,1,2,126,0,4,3,0,64
28,117,74,1106,0,26,3,0,0,0,0,0,0,0,0,0,0,7,0,0,0,0,0,0,4,48,46,60,15,108,223,1980,6819,9448,10284,3937,3563,1804,1640,4059,1698,10,145,2381,15,5,164,1,8,5,46,955,978,28,0,24,44,7,1849,23,12,22,393,12,43,560,267,0,0,7,7,0,26,54,0,9,4,5,12,33,0,4,739,11,5,1,75,9,5,4,4,10,17,0,111,18,0,16,29,69
2041,409,304,768,189,23,0,0,0,0,0,0,17,13,32,4,1,0,3,3,5,1,0,0,2,0,0,51,700,1888,2484,3320,6031,5917,10033,5967,4023,4579,3040,1732,4361,2410,38,40,15,2370,11,1,28,9,21,1334,1802,1405,0,20,40,5,607,1,1,1,635,26,6,133,10,6,19,262,0,0,0,0,10,9,13,0,5,90,0,0,293,378,0,2,326,59,0,6,2,0,0,0,19,7,0,37,0,0
3195,221,17,2,25,3,0,0,0,5,15,8,117,54,2,0,9,0,0,16,106,0,0,1,0,2,22,21,313,1923,2603,3138,5675,7615,8520,6520,3769,4323,4139,5284,3209,1916,4675,1177,1672,4687,2943,82,118,37,11,658,4493,1741,15,101,5,3,2264,143,0,32,10,0,4,17,19,1,28,172,0,0,10,1,7,194,347,7,5,7,1,0,0,57,222,52,32,221,3,8,2,13,0,5,175,14,0,2,0,0
332,16,0,4,82,3,0,0,0,0,4,56,12,11,2,20,50,65,11,22,132,1,0,0,3,0,0,6,16,67,99,2081,4402,4676,7229,6077,4247,4332,4772,3934,2012,2733,2424,432,690,893,1912,3,23,1286,0,1339,3262,11,5,189,0,45,1947,820,0,0,11,2,1,0,224,326,303,0,17,0,272,23,13,0,5,23,230,27,0,0,28,46,0,0,4,421,7,8,0,0,0,0,0,13,4,7,2,7
950,97,8,6,44,47,6,16,0,0,0,0,0,4,15,269,356,301,94,98,767,47,39,2,0,0,0,0,14,46,18,1528,2153,2419,6237,4689,1444,4377,5298,3915,3677,4041,2016,3235,2305,2,119,397,755,1387,0,1956,214,12,123,1417,0,14,69,130,1,0,4,4,0,21,2,0,21,0,15,5,597,323,8,12,0,0,135,19,0,0,1,20,0,4,1,17,10,0,8,15,0,7,812,43,2,9,1,4
99,149,337,543,1193,174,48,30,5,13,4,3,1,12,153,174,7,38,43,78,169,58,42,19,14,0,0,0,0,143,90,1040,931,2022,3808,1146,2326,1520,2533,313,1262,1959,2574,3038,4025,6,136,886,2314,1200,183,38,0,16,34,30,20,415,174,9,43,0,0,2,15,3,14,8,23,1937,1146,468,81,13,23,1,0,2,546,133,2,0,11,145,53,6,2,1,147,6,7,0,2,0,121,9,0,3,0,126
1605,909,216,42,86,307,473,42,3,21,3,0,0,0,2,0,88,974,14,2,6,9,608,1000,9,0,0,0,2,25,2049,1138,474,1537,4108,2610,760,12,7,29,390,1212,2433,4554,190,1025,1515,0,67,319,9,88,105,5,46,1132,148,4076,4540,2606,2,1,0,0,63,63,396,20,120,1815,2736,2359,95,30,5,3,2,8,536,32,0,4,6,143,334,29,19,9,424,1,4,6,4,0,15,10,3,0,1,0
844,1356,89,152,849,2869,1769,21,37,37,4,22,0,0,0,0,22,299,0,0,0,15,15,103,66,0,5,3,0,6,1396,3145,2991,2423,4087,3353,492,0,8,29,79,53,1529,2649,1060,5520,489,1,131,1324,0,18,121,26,3,210,514,1304,3719,3515,60,0,21,18,60,90,647,131,24,1659,3154,1425,9,5,1,4,12,5,216,1,3,38,0,2,5,6,0,34,228,575,9,18,1,14,139,15,13,4,2,10
30,285,23,11,84,291,35,23,7,0,24,125,32,11,4,1,9,3,0,42,3,1,3,14,24,8,17,0,0,10,993,2260,126,55,215,2126,2536,113,22,56,282,1108,2642,929,4,292,15,1,1,15,1,14,0,5,0,4,534,998,2869,3712,492,6,21,15,0,8,0,4,14,1931,2098,1181,24,91,7,0,12,21,169,34,0,93,1,22,86,0,7,6,58,140,23,0,0,0,101,96,104,5,3,13
15,70,9,67,137,34,2,870,4,1,17,43,5,11,9,7,54,25,3,12,0,1,0,11,165,110,2,0,0,8,17,11,271,3815,3216,3015,840,31,313,17,598,1344,1313,22,489,289,19,5,4,0,3,4,0,14,35,30,565,1909,3112,4415,814,0,3,8,0,10,0,19,14,131,103,175,5,0,0,7,5,213,8,325,189,13,2,259,443,1,3,5,29,25,25,16,0,8,0,3,776,277,3,0
3,4,1,21,18,0,0,194,3,62,0,12,0,0,1,10,21,86,46,4,26,19,17,21,485,11,0,0,1,5,46,54,463,476,518,2646,1496,262,85,58,45,19,1,12,1342,626,51,955,7,22,20,73,0,20,6,18,34,20,656,1400,176,0,0,0,0,1,14,7,6,3,29,15,0,0,84,4,3,342,0,0,6,40,0,99,2,0,4,2,0,13,2,35,2,5,133,20,18,22,9,0
0,0,0,6,0,1,0,73,527,129,4,2,6,28,120,142,27,15,20,106,6,608,279,35,151,0,0,0,0,12,46,142,36,40,1,5,11,1009,8,419,14,7,8,27,34,25,36,1554,993,780,404,16,1665,2007,540,32,0,1,0,0,7,2,3,1,0,7,11,1,17,0,121,85,0,4,97,4,0,6,44,3,190,40,8,27,249,15,22,12,9,496,0,0,0,0,3,73,1,4,0,6
0,1,0,3,6,0,53,59,7,67,0,29,7,4,136,1286,266,22,42,14,3,9,192,302,112,2,0,0,0,0,5,15,24,517,86,9,0,188,611,3703,569,953,26,639,968,1131,117,4,1062,3400,824,125,150,1,54,14,1,0,1,6,1,5,4,49,1,1,2,8,710,68,22,1,0,21,51,3,2,201,5,2,27,0,0,272,27,55,31,10,725,2190,359,11,0,0,0,1,12,37,149,79
0,1,0,4,75,614,1116,99,2,8,5,1,74,0,7,13,8,0,78,0,0,0,0,190,542,235,0,0,0,0,39,31,24,29,125,7,148,825,2705,199,577,1831,1005,1596,560,264,44,304,24,532,0,1377,2540,7,11,37,0,1,0,0,12,0,2,2,3,1,0,1,6,10,61,129,2,64,48,0,0,22,15,20,94,251,28,339,8,5,10,24,87,71,11,19,18,0,1,120,26,24,160,7
0,0,0,23,657,3257,6151,1502,4,0,0,1,13,20,28,41,69,30,2,2,4,4,1,3,44,38,18,0,0,0,10,19,45,20,265,823,3837,4193,1112,2592,3935,1100,3279,27,554,0,295,164,68,26,65,664,636,3,112,12,0,1,0,0,5,24,3,0,0,0,1,163,11,4,8,108,47,377,329,2,12,99,1,1,74,0,0,6,0,72,7,9,4,13,0,67,0,410,34,22,2016,4249,3553,3538
0,0,0,366,1591,1868,2215,165,13,41,0,22,20,19,0,3,72,61,2,19,4,17,30,2,187,892,15,4,7,5,16,5,3,7,701,2889,2735,3982,2420,1154,841,1306,1834,2,1089,0,618,171,65,10,7,6,17,4,18,14,9,52,2,3,29,1,1,1,9,7,0,19,19,14,3,14,66,178,205,1,2,4,0,6,6,16,165,4,0,79,23,6,17,16,12,62,544,0,5,1,1440,4584,3065,2311
1,0,0,7,48,27,1784,21,52,4,4,12,8,141,151,4,4,0,42,318,426,27,15,17,57,14,3,7,0,6,39,88,59,122,293,1164,3800,4511,2132,406,1521,1204,391,54,559,11,1162,918,18,6,2,83,103,664,3,37,158,67,2,1,4,8,0,6,25,28,0,89,0,0,0,0,23,516,848,2,1,0,2,5,3,10,44,6,2,20,17,25,23,6,2,254,2240,202,0,6,6751,3667,4772,2440
0,0,0,0,1,3,284,292,4,1,2,87,9,3,55,7,2,0,15,53,16,13,2,17,72,8,10,1,2,0,15,68,9,87,503,1835,3707,2572,2475,2099,1112,358,202,0,13,35,1617,2490,1408,4,1,0,345,1016,24,6,4,0,303,28,1,38,1,8,1,24,0,145,1031,0,6,24,4,660,529,11,22,0,11,2,46,17,238,6,44,45,33,241,27,3,61,45,442,3173,535,5,931,7197,54,36
3,0,0,5,1,1,0,19,7,22,41,164,7,0,5,15,2,2,3,341,213,152,236,0,41,62,0,2,0,0,3,20,39,763,325,2331,2385,3122,3326,4684,926,59,66,7,0,0,788,1554,837,0,0,75,762,1,0,235,245,1307,787,13,0,17,6,0,7,1,77,1,54,15,1,0,0,12,0,4,8,0,55,102,30,22,6,31,26,2,7,28,0,2,38,10,2644,4414,1859,1976,3328,2148,258,17
1,20,25,25,32,7,9,0,3,0,158,2,8,129,39,0,14,65,3,1,26,2065,252,0,3,16,6,2,0,0,0,6,10,96,44,53,121,491,486,602,397,37,72,68,76,10,2,352,48,326,1,1099,2805,13,118,295,1302,985,0,0,0,0,0,0,0,30,3987,1897,123,67,0,11,18,226,7,4,31,44,8,170,12,0,0,3,13,45,0,0,54,40,50,0,392,2163,1242,3903,3919,303,5,15
7,22,68,14,42,8,5,2,105,27,15,34,8,0,11,3,11,5,0,10,23,639,327,8,0,0,139,1,0,0,0,4,10,37,10,35,485,1832,1860,151,1923,276,65,17,86,4,11,2,0,0,5,2390,3221,413,345,64,3756,1086,4,1,0,201,291,0,4,1889,1595,29,10,0,1,48,94,0,13,0,5,228,21,56,0,0,19,42,115,113,26,413,101,0,35,14,33,208,2334,2915,3447,1061,2502,9
18,11,26,3,27,27,33,7,31,78,6,1,3,6,74,165,0,11,5,3,213,0,0,6,0,211,188,7,0,0,14,9,13,11,57,3,48,670,413,1478,1125,5,712,964,153,282,486,301,138,46,1,112,831,0,24,143,255,637,7,0,4,922,2729,271,18,258,127,109,0,0,0,0,67,1,4,46,0,2,6,384,14,0,65,19,172,109,15,116,24,7,65,27,106,1788,3621,1317,2908,522,1451,0
6,11,7,10,3,2,20,9,79,18,17,18,8,19,1,8,4,0,0,0,3,7,0,1,19,95,25,0,2,3,7,5,38,29,19,30,53,5,261,2223,789,2257,1507,460,19,34,6,922,85,843,335,9,27,12,29,7,5,0,25,23,33,8,285,452,31,15,61,215,36,22,9,6,1,0,3,0,4,3,0,695,153,0,21,26,27,6,21,11,14,15,373,63,1668,1835,2029,9,1796,3,296,0
3,5,7,5,8,22,19,9,137,91,11,1,0,2,12,0,5,6,0,1,478,450,70,15,163,16,656,8,6,37,29,17,15,30,25,9,90,239,1355,52,2426,306,12,57,18,0,1,21,0,219,886,7,7,1880,3130,1666,5,0,11,56,166,5,12,0,147,4,13,12,1,9,168,4,5,0,5,44,25,0,8,95,31,0,147,3,37,16,6,65,1,1,14,20,22,91,3,0,32,1629,1105,0
7,17,17,0,3,13,35,25,10,12,13,7,10,14,27,1,1,2,1,101,5,97,12,35,13,57,857,1465,105,10,0,0,15,138,484,164,80,30,1138,2513,1636,898,43,50,27,3,18,19,0,133,561,1241,30,2773,3764,2049,2,962,1831,1992,18,3,5,8,3,12,14,0,5,0,6,5,4,3,0,6,19,4,0,160,3,4,1,3,139,10,173,55,23,2,6,16,2,0,0,2,2,288,14,14
4,17,3,1,9,5,14,0,24,17,18,9,0,0,2,14,0,1,8,6,2,1,8,288,35,31,88,660,453,29,3,10,3,16,57,110,77,25,248,1391,702,92,2030,139,25,11,21,0,16,4,14,2280,3298,2926,2469,3173,3446,1542,831,3,0,0,0,6,17,3,3,248,1,1,1,35,0,13,48,3,24,9,1,7,0,8,68,921,0,9,267,6,94,960,203,72,182,5,20,14,9,451,33,0
6,21,7,4,0,7,31,4,31,19,21,37,7,2,17,3,4,6,0,6,11,21,113,23,7,0,429,111,1171,938,765,188,79,26,10,80,148,109,91,171,2,23,145,32,996,54,87,391,874,743,144,1980,4570,3656,3126,3579,2870,43,2,1,0,0,10,22,654,0,0,158,0,2,0,10,2,8,7,0,111,252,2,216,4,1,412,1149,14,12,9,2,57,965,66,15,0,4,0,35,0,221,0,5
14,65,2,0,0,4,0,9,2,14,44,26,223,28,28,0,9,37,0,3,1,33,202,70,510,21,1,98,266,2092,3657,598,334,20,34,23,21,18,15,556,644,483,32,1883,734,27,42,89,2679,2485,2993,2372,3789,2323,4554,4733,4143,261,0,8,0,0,4,7,1545,723,2,0,0,1,1,88,12,9,303,11,27,4,3,0,1,0,35,10,3,1,5,4,2,11,41,695,8,1,0,1,9,297,36,2
133,91,11,0,16,38,1,0,17,24,30,9,3,6,13,127,39,4,1,33,5,0,6,1,2,6,13,3,7,455,947,161,527,42,9,30,16,12,53,723,1444,505,0,51,1559,24,1967,1989,3345,5529,5202,218,139,1740,3033,1747,2078,39,120,10,0,12,5,9,71,571,17,8,0,1,0,2,0,5,78,10,3,124,14,500,62,1,23,16,5,6,12,6,138,28,334,330,6,2,0,0,0,0,166,0
6,38,3,0,22,15,12,5,168,6,22,6,8,10,1,118,25,0,6,16,6,1,9,1,7,0,8,489,91,528,268,14,6,0,3,35,118,54,40,1037,414,4,413,1567,65,317,1431,1383,4679,4170,2040,1052,20,61,941,850,672,157,1654,1953,1151,6,8,0,1,14,8,6,11,0,34,14,4,6,17,9,0,86,15,467,8,0,45,24,19,1,0,2,5,1,262,5,0,2,1,1,4,0,132,180
30,7,18,6,10,4,16,4,14,8,28,0,4,3,2,2,2,7,0,4,8,1,32,2,53,8,0,105,104,226,29,8,221,29,32,15,127,370,3,6,24,9,344,28,1171,234,2,376,761,3284,319,116,31,18,179,165,11,7,129,1873,614,4,38,50,609,9,4,222,93,19,1,0,5,13,1,3,20,138,112,140,4,132,13,2,16,2,6,3,75,0,296,0,0,0,3,0,2,7,930,886
25,29,17,3,0,3,30,147,23,8,2,15,17,3,11,4,45,13,2,22,9,2,0,4,0,3,2,442,4,1084,176,155,555,46,4,51,52,212,240,36,102,1272,92,956,4388,850,7,10,507,5213,2943,3431,8,0,0,126,12,21,134,2653,309,8,6,2,1335,612,42,45,0,17,7,134,2,0,28,0,12,3,31,30,52,527,1,2,10,0,0,4,4,1,1,0,4,0,4,0,4,19,739,0
29,58,3,3,37,33,18,20,16,3,74,43,89,90,3,6,27,7,12,0,10,7,24,12,4,0,4,251,336,269,11,36,132,41,22,34,12,647,124,58,1096,4111,1062,1219,2087,2533,554,40,566,681,3108,1103,82,1,214,588,1099,49,293,952,24,15,1,17,2,59,252,21,3,77,4,4,9,7,6,5,14,155,16,24,2604,514,0,10,33,0,3,0,1,8,7,7,20,0,0,1,4,0,3,0
29,15,38,10,17,17,18,4,52,9,0,1,25,18,0,13,3,6,302,65,7,13,114,336,0,1,3,7,861,192,10,18,99,355,933,267,31,49,57,8,259,145,566,139,2,1203,271,4,9,1154,2301,244,0,30,64,880,2121,11,34,18,4,4,6,0,11,14,11,316,41,1856,1959,70,14,316,0,18,193,0,2,781,2844,500,1135,491,8,25,6,2,2,0,17,446,27,0,2,4,283,21,17,4
12,11,17,16,13,8,27,9,21,1,0,0,7,0,5,18,16,1,5,16,8,14,21,2,16,158,43,50,2755,198,23,55,48,19,108,701,28,44,12,326,2726,2451,4873,385,1,787,835,2613,23,1328,1773,575,52,38,9,89,586,24,9,0,10,0,10,0,4,14,31,29,157,1710,883,76,11,14,14,60,0,0,170,3096,5048,1194,1153,16,0,5,6,251,50,19,6,121,7,0,0,2,320,1,0,0
2,7,17,28,36,24,8,5,4,0,12,6,18,12,2,0,22,93,10,1,44,23,20,17,5,0,15,3,307,18,22,48,16,1,52,616,208,21,89,74,371,152,2258,627,314,666,1051,1125,23,1,21,425,516,6,14,7,12,29,14,0,20,2,18,0,22,27,0,0,2,324,38,32,9,9,284,2,77,1456,1543,4973,2476,2149,432,14,23,108,105,21,8,13,0,60,5,0,60,283,0,0,0,2
12,4,27,35,18,27,72,28,29,7,2,0,5,13,0,2,5,10,1,6,10,11,3,14,0,5,27,0,19,30,23,7,12,6,412,571,78,77,117,1014,562,64,254,1632,1964,971,57,538,5,0,2,25,17,122,299,74,148,17,1,38,0,0,329,133,30,19,0,14,53,5,14,1,185,611,11,0,299,575,77,906,852,3812,1913,3,0,0,3,0,0,0,2,0,2,3,6,29,1,0,2,6
14,156,267,22,25,7,32,425,180,11,100,2,0,48,15,159,13,105,10,30,181,51,27,177,1,20,328,26,1,8,10,7,18,21,197,226,769,790,273,4217,3928,737,55,4,5,280,881,1341,4,5,0,6,969,1470,1208,10,25,21,20,3,21,271,9,0,6,13,15,5,0,7,46,13,53,26,8,2,28,6,7,21,23,359,2080,4,8,0,4,61,56,0,10,2,0,9,350,42,7,1,6,0
8,44,480,36,32,17,24,41,17,28,11,0,4,5,1,2,3,44,10,40,27,0,6,43,8,12,57,8,72,2,16,23,13,48,31,45,252,797,62,2461,1258,3271,473,16,26,340,1161,21,9,1,6,119,2487,5441,1081,37,26,0,23,14,1706,3687,920,36,0,24,11,2,9,302,63,559,33,5,0,123,25,9,0,0,0,0,3,12,393,219,0,7,5,1,4,0,7,10,53,18,17,12,2,129
10,16,35,117,30,18,71,72,10,8,5,13,39,59,2,14,42,30,18,28,58,22,16,47,15,24,36,29,61,5,8,3,9,276,1600,3476,3360,487,206,748,19,696,314,49,132,127,329,14,60,13,8,4101,2872,5196,2430,267,218,79,32,25,22,302,31,365,96,319,17,0,10,80,4,30,64,0,17,222,96,3,0,6,6,0,11,0,370,362,40,122,5,4,116,0,0,867,66,29,14,0,4,0
247,31,61,225,48,53,23,125,21,12,8,18,3,7,8,6,66,101,1116,23,18,18,0,24,60,681,51,38,34,100,31,47,113,160,1911,3531,2282,699,150,29,93,612,1868,523,3766,949,1879,2115,238,25,14,1207,1149,1056,1245,1508,9,16,43,39,1,14,344,985,77,72,96,42,36,24,12,0,1,51,127,137,166,8,0,65,0,28,7,3,2,0,0,12,1,0,15,0,0,233,102,1,10,4,0,8
426,319,492,18,2,34,3,18,0,0,4,28,120,7,30,90,8,1383,2413,285,31,15,76,18,103,83,22,19,41,179,123,19,64,71,835,1719,576,599,835,301,162,81,3737,4475,3756,766,4198,4347,1372,88,114,1,22,373,3461,2952,3812,654,2997,4083,499,22,34,11,908,153,789,1169,57,272,63,44,9,366,95,0,0,7,7,1,7,5,12,5,17,194,7,0,1,6,0,0,158,1,85,16,0,0,14,0
17,88,22,4,28,135,62,36,17,2,61,6,29,28,23,918,216,832,2123,294,7,105,86,13,5,3,12,45,18,25,66,30,52,84,678,401,999,774,2807,411,30,267,158,2031,1134,36,127,2370,1687,2575,2117,111,1919,4572,2709,3692,5416,4661,5540,4583,1689,27,421,346,12,10,108,190,107,36,2,0,10,10,94,7,106,7,1,7,1,0,14,768,13,0,1,7,5,5,6,66,13,5,11,83,17,0,3,8
243,1217,88,23,53,246,43,12,1,4,19,15,15,10,51,161,190,19,41,7,53,8,9,1,15,24,3,11,38,13,11,19,15,173,494,109,389,258,177,432,1076,51,4,13,188,645,2208,412,881,1174,2775,1171,2082,3394,6286,5755,4501,4823,4273,3736,2070,89,229,211,917,1018,26,162,415,3,18,5,15,1,1,12,4,58,46,25,0,0,0,990,97,99,3,0,111,37,3,3,14,2,81,0,8,243,791,3
1365,2990,23,9,21,10,5,33,0,8,0,154,43,42,9,65,15,31,3,50,50,15,41,15,5,22,44,2,63,1,3,6,5,1000,1950,129,112,119,5,102,107,15,11,142,0,3681,5248,734,765,91,314,1241,2860,3945,3921,5092,4301,4854,3510,3870,2125,749,75,257,1103,100,0,9,129,1324,30,7,50,99,9,110,0,12,17,0,28,0,0,0,61,115,72,0,15,303,0,2,0,4,121,9,33,16,520,25
2947,2035,33,24,51,41,80,439,4,8,17,66,31,4,27,37,23,16,122,6,5,17,12,93,58,3,10,29,37,162,5,13,4,242,943,201,527,22,107,112,69,994,141,437,100,1718,4080,431,219,10,28,2552,6344,7545,5081,3247,7275,4721,4402,5267,4927,5495,2700,263,3,0,215,4,14,375,21,77,31,6,8,0,100,0,39,99,3,0,3,16,2,299,32,0,3,2,2,4,7,81,6,0,0,1,4,3
270,83,29,10,6,13,89,500,19,58,17,43,32,17,47,21,7,11,31,61,5,176,19,84,60,557,4,17,0,27,14,7,14,383,185,309,1351,12,70,76,11,295,2195,1599,344,520,3620,3192,8,1,7,2853,3058,2678,3063,8415,6678,5971,5791,5779,5503,5018,3629,29,134,0,31,6,230,154,5,1,0,176,0,10,137,77,3,0,7,47,1,3,8,0,0,16,6,6,6,0,168,244,16,0,0,5,0,1
445,317,59,93,1,45,0,11,89,630,220,36,39,81,33,9,16,11,177,9,57,16,44,21,17,7,19,20,14,5,1,11,5,562,394,1133,182,22,34,47,17,298,388,24,472,4173,2902,3736,313,43,512,3775,2584,4928,5613,10769,8549,9625,5818,4376,3920,3437,1334,0,39,396,2,0,10,733,750,407,8,318,360,4,105,101,1,0,13,42,0,0,0,506,50,10,0,1,5,0,88,23,6,1,12,0,4,1
894,1765,20,6,37,114,19,8,16,113,918,728,13,24,16,3,9,25,39,0,36,3,59,44,12,7,30,5,52,13,27,8,35,2994,3449,1228,198,1143,1216,1261,3,73,26,14,16,1044,346,911,985,191,1525,4155,1787,542,2875,12361,3965,4407,6562,2554,222,620,27,27,2555,2729,630,476,227,3548,2111,1313,13,1215,605,0,21,2,0,304,905,268,0,1,8,115,210,13,4,2,0,8,32,46,0,0,0,0,0,0
16,441,133,1,20,93,36,23,7,16,0,155,32,55,5,3,134,8,57,9,2,16,55,1,19,48,10,14,340,79,29,5,20,2759,3105,966,2564,5231,4525,754,19,18,18,115,51,13,167,15,1791,3522,976,3907,2584,2188,2010,2366,2140,7250,1889,2766,156,47,1,99,1186,136,129,26,9,6,13,0,8,6,37,15,70,6,16,66,1283,385,120,10,1,110,0,22,7,1252,543,156,7,0,0,8,3,156,0,10
4,4,219,90,55,4,9,10,3,35,11,9,21,153,40,1,37,5,32,13,0,64,49,59,56,16,181,0,8,116,1,420,711,181,4969,2450,4022,5637,3771,99,7,2,4,9,15,21,235,1265,2566,2834,1980,1407,5061,6117,0,0,918,769,6215,4446,1182,100,19,53,2,1,19,15,193,15,0,1,5,2,4,22,57,2,0,7,2,2,107,19,2,213,1,12,0,278,2767,2843,2560,1459,1,108,0,0,8,7
33,85,96,20,17,57,27,78,19,33,3,4,4,13,28,19,13,14,25,12,18,36,70,46,32,1,22,10,27,11,289,1937,4086,5824,6547,1342,1438,2909,3586,2335,4294,635,1046,16,16,30,315,3802,3409,2732,1842,4647,4311,5648,48,2,2473,2663,5084,3553,2987,54,2,9,0,1,26,0,380,67,17,19,19,0,120,155,23,0,10,2,2,0,0,5,6,7,0,203,733,1017,2237,2354,3717,2856,66,9,0,0,2,1
14,41,201,170,18,6,31,206,307,2,0,10,21,52,11,3,14,37,78,19,12,9,9,42,8,37,8,0,2,107,3602,2677,543,3922,9048,4550,405,192,1919,1758,3952,312,913,9,21,139,469,3097,1014,2048,2344,3644,712,1976,980,3773,2316,3632,1512,2312,1079,88,3,8,1533,1296,5,31,1480,12,5,0,1,425,5,0,1,45,11,299,0,1,0,12,3,3,11,15,881,2163,4119,3626,1462,24,27,10,0,0,14,1
0,42,23,14,18,51,0,2236,3561,371,2,725,156,16,26,5,0,15,21,18,20,20,9,19,11,4,25,23,6,5,4012,3375,2975,4295,9898,10528,1348,1919,142,1,337,2097,2981,75,43,21,563,3427,5293,3497,2834,2533,102,7,3888,6006,720,247,130,47,790,379,159,22,2222,1979,14,45,29,31,7,6,467,34,6,0,105,149,154,0,0,11,4,233,3,0,0,3,0,597,3510,2406,1614,166,0,10,3,0,186,444
7,10,28,4,14,94,524,568,1830,1327,12,154,255,33,19,162,14,11,3,13,310,19,48,101,6,33,23,65,12,801,687,2076,2971,4241,5293,4371,4180,5332,4353,1490,3,4,10,653,2312,1650,1940,2285,1809,3927,852,55,11,4,3400,3880,1961,2765,47,9,338,318,40,14,3,48,16,50,0,94,120,2,3,2,1,0,129,0,4,6,0,7,31,146,1,7,2,1,209,19,101,166,7,0,0,72,134,0,9,31
40,0,0,1,3,28,14,120,1275,1684,43,3,12,19,26,563,86,28,52,30,33,60,30,0,9,33,84,194,123,223,21,1066,2424,4855,3924,1142,1904,4938,5195,4907,68,99,129,0,58,42,721,5564,4874,1983,285,0,189,7,0,0,382,1765,8,2,0,124,93,20,1,5,7,6,1,3,10,0,9,4,6,1,3,0,0,1,0,1,9,5,7,7,221,55,508,12,1,5,42,3,30,0,4,0,0,2
14,1,39,3,24,23,14,23,12,43,59,52,27,81,0,65,42,26,251,101,31,85,42,31,70,41,1376,825,56,4,298,18,4,3110,4116,0,1138,3745,730,935,183,17,4,4,8,0,874,2513,679,174,73,77,1,4,0,0,3,1,318,0,529,3505,495,67,5,16,2,107,138,0,4,15,5,23,635,98,218,313,0,4,5,0,106,43,29,0,0,1,2,12,50,0,32,0,2,0,0,28,0,3
0,0,8,16,20,30,41,16,6,21,25,31,52,436,848,16,52,0,3,171,104,1847,1,34,3992,2298,97,21,3,10,1199,57,16,2192,2197,0,233,4415,3197,8,2,51,160,492,555,0,27,210,0,54,0,10,3,1223,34,0,0,0,229,2,131,1262,834,82,53,3,12,488,112,1,11,3,1,3,131,18,47,142,0,2,0,0,1,5,0,19,0,22,0,0,0,0,351,3,0,16,57,41,9,5
3,24,9,44,6,102,294,9,5,20,32,25,4,239,164,91,44,20,13,34,116,974,9,28,901,279,52,1,2,28,104,32,51,37,18,7,36,1017,857,3,99,1793,3,2,38,11,6,0,0,36,5,1,19,173,26,11,3,4,389,9,18,3,19,24,11,93,18,3,2,59,2,0,3,505,4,3,10,29,8,177,51,74,1,338,0,2,0,16,12,3,13,0,5,0,2,0,2,0,1,2
17,45,2,8,45,11,3,4,3,18,4,24,17,32,50,394,25,9,1,107,1191,1588,21,20,0,1,431,23,125,1692,978,0,38,15,107,418,64,45,4,15,357,166,1,0,118,267,124,1,3,45,5,71,22,0,58,16,0,86,6,11,0,0,64,94,0,114,24,23,10,291,8,22,2,9,5,1,8,140,0,88,8,0,0,38,4,2,0,1,0,9,13,20,1,4,2,0,15,19,69,3
102,1,4,14,5,16,6,0,0,3,11,21,0,7,14,20,24,215,2,4,21,7,146,1848,977,190,65,21,0,16,459,14,17,2,27,0,102,118,0,91,284,0,27,1387,3474,397,40,21,656,329,102,14,0,4,12,1280,29,63,24,1,330,2,1,44,9,17,39,5,0,1,0,15,586,27,15,12,10,5,12,0,10,0,2,0,3,1,4,0,2,11,0,46,36,7,12,1,0,1,0,0
613,28,65,0,22,22,20,12,4,0,7,8,26,64,1,7,73,67,16,6,9,23,81,464,1492,3524,424,0,1,111,1676,253,188,128,8,49,5,27,297,126,1,0,6,32,1057,0,3,312,2277,35,584,168,90,42,808,2791,64,412,32,3,63,6,17,24,9,2,6,103,156,36,14,109,202,1,29,0,13,52,70,3,0,6,14,26,51,85,0,11,0,0,0,9,32,19,1,0,0,0,0,2
890,20,14,38,14,7,16,12,7,21,9,5,12,240,10,4,5,35,18,9,13,262,362,3002,4874,1173,25,79,384,3,35,65,1,5,24,0,31,71,3761,197,9,17,24,7,5,0,0,1,14,16,494,25,4,20,1000,339,6,30,33,29,11,0,6,478,31,28,5,7,4,307,0,10,47,9,5,49,0,2,2,13,342,8,0,13,0,9,0,0,7,287,22,13,3,4,0,2,0,66,23,422
27,32,0,0,25,6,26,643,691,20,53,4,0,44,10,7,21,11,29,53,176,147,246,3213,5616,1509,464,6,4,10,18,11,5,16,11,172,52,115,113,34,143,3,14,9,119,506,0,0,19,10,425,428,5,1,34,14,8,148,137,11,11,2,3,2,11,0,8,41,129,287,4,1,0,10,22,8,313,52,31,15,438,13,134,0,2,176,0,0,0,3,0,1,649,418,0,3,0,0,9,174
175,8,20,1,48,37,11,51,24,22,3,84,83,33,40,1,12,40,68,16,385,542,810,3211,3529,671,3423,2951,235,97,28,7,1,9,79,218,3,8,24,1,57,235,6,4,0,0,9,461,280,10,76,383,25,2,39,8,0,0,14,290,890,20,25,13,2,3,21,486,9,3,24,57,205,97,53,6,57,13,0,0,9,0,0,0,0,17,0,2,4,7,0,4,78,539,4,2,5,12,0,18
745,18,10,2,11,8,8,3,8,10,7,4,18,16,6,14,3,116,79,64,57,7,10,1532,4551,1388,2715,1684,145,121,79,3,3,18,82,4,11,13,22,0,492,4,4,11,4,2,2,1,308,114,1312,3,6,3,52,11,23,190,75,12,0,2,3,19,5,9,27,9,12,7,1,0,78,23,2,7,16,3,2,0,0,0,0,0,17,8,0,108,69,0,56,13,31,3,2,4,6,2,59,232
1612,573,23,6,18,116,1,16,3,27,0,13,10,10,24,3,0,19,1,18,261,120,2202,3349,2754,4029,977,0,1049,2706,310,111,460,18,5,2,34,8,0,5,10,5,4,2,35,21,39,7,0,35,394,516,16,23,2,8,0,27,372,450,15,12,0,6,28,5,5,5,167,20,30,3,0,31,39,11,3,22,16,3,2,1,0,12,0,12,0,0,97,83,2,27,79,1,10,4,0,0,4,1
2,84,119,15,54,326,9,22,83,5,1,4,9,103,93,21,14,55,69,2,0,72,117,519,633,2321,1027,142,4800,5118,2996,948,487,2,2,11,2,22,11,4,501,9,9,7,517,65,6,608,1450,3,1399,4705,3965,4342,1275,47,10,13,156,80,17,22,1,1,38,5,0,0,9,15,6,3,1,38,3918,3525,951,61,12,0,44,5,3,27,1,0,0,6,0,2,0,0,8,0,0,2,6,1,4,2
0,1,28,2378,440,31,11,4,30,2,92,35,17,203,354,92,11,117,21,13,37,52,0,1,18,36,49,61,313,3023,2068,3777,1041,95,94,86,0,1,67,15,360,38,275,97,17,9,184,3750,2652,14,730,4574,4067,4588,4057,4,30,30,4,196,6,5,4,5,0,9,77,3,13,1,1138,750,523,318,3028,3111,688,20,0,2,6,18,25,0,7,15,0,1,0,3,0,1,1510,6,2,12,4,5,4,0
1,18,1141,5643,2619,14,7,193,29,25,93,17,29,339,574,28,3,30,2591,536,49,421,86,12,4,3,10,303,2568,4061,841,2227,733,249,34,45,13,2,1,45,219,258,37,21,6,24,616,2057,1877,4,1577,4616,3706,3726,2146,1,16,1179,39,79,13,21,0,10,6,3,9,5,4,10,782,72,13,26,3002,2269,1616,1,18,18,17,19,1,6,229,276,1,2,0,3,0,19,4,0,0,57,0,22,456,42
21,101,265,1151,3425,342,0,225,435,19,30,15,17,4,0,0,3,27,424,577,13,273,53,11,19,74,51,398,1921,223,316,25,500,147,350,3218,856,27,84,61,342,324,2260,426,15,2,30,182,19,8,140,1682,2322,4522,432,660,225,2842,1072,9,4,360,29,6,9,2,144,96,9,516,15,242,5,6,1968,2384,246,157,1,13,0,0,2,0,4,11,50,2,64,4,3,96,0,0,0,641,285,0,4,205
15,3,44,1481,2324,2964,158,489,524,456,10,171,791,26,30,2,55,33,7,17,1,1,25,0,541,33,49,1547,465,133,103,3,1222,107,1856,3133,1693,6,20,57,317,360,1203,2778,93,34,21,12,0,12,34,12,9,1148,12,2234,1665,338,438,94,674,37,1,5,91,33,4,156,8,0,4,23,12,23,19,6,187,31,0,0,8,0,11,19,1,12,42,1,359,73,15,2,0,0,26,10,51,13,1,5
6,0,41,0,61,95,76,390,1619,1694,3,18,7,3,6,13,417,640,6,0,21,14,10,7,807,4,28,44,49,1769,328,724,480,10,349,377,479,48,24,198,204,445,540,2032,1265,18,21,17,31,34,5,11,14,529,129,59,254,799,252,394,3741,847,100,13,380,171,10,13,3,2,9,20,25,31,3,0,0,0,7,15,0,0,3,2,5,0,9,2,17,49,7,283,0,2,140,13,28,0,16,1
2,0,3,8,0,122,312,346,258,34,17,9,0,5,26,12,639,1240,4,0,1,8,6,4,20,3,42,26,34,88,59,1215,427,8,8,189,489,8,10,49,625,1441,1522,1707,2429,2587,25,4,5,14,0,10,771,363,31,18,17,1488,3983,107,1983,31,68,106,236,556,16,0,15,5,5,5,7,26,394,0,2,27,0,4,8,15,766,371,0,2,1,0,13,2,149,571,505,67,8,12,0,0,10,3
2111,7,51,0,0,14,12,12,86,21,52,17,27,4,31,580,473,8,11,3,9,24,6,7,33,46,19,18,528,115,22,457,291,31,42,4,1,7,4,48,1230,453,4841,1663,3591,1071,5,19,33,3,4,5,272,187,113,41,110,1676,1346,43,431,21,6,1086,1914,17,7,12,284,63,13,0,1,0,5,0,0,17,13,35,13,17,4,19,5,23,198,15,0,165,787,5,6,0,3,0,0,0,0,42
1237,911,2009,73,807,114,32,21,13,9,26,65,26,13,6,1745,12,4,19,10,2,536,2,14,5,15,4,6,198,16,13,73,607,2349,95,8,1,145,4,4,12,272,1824,71,39,6,13,18,72,18,15,8,16,45,1,55,255,187,1570,350,4,11,407,766,1429,90,0,4,43,30,52,11,4,14,11,4,7,0,1,10,3,8,10,5,0,0,25,0,0,3,9,9,0,3,1,0,8,0,0,3
2748,2996,32,630,117,102,63,123,24,18,38,1439,788,25,0,25,8,0,7,4,6,64,25,6,0,129,50,0,110,4,23,11,823,1555,19,17,2,2,2,67,596,314,1275,767,0,91,124,115,23,16,29,18,18,12,14,476,496,4,1,22,12,2781,3743,2823,43,43,0,19,0,145,65,7,11,234,0,1,21,3,129,0,1,4,6,115,698,21,161,0,7,11,1,18,337,0,0,5,0,10,0,0
5468,3469,0,458,2708,1163,50,69,4,35,2347,5516,2919,583,368,13,50,3,224,294,28,218,9,163,17,410,7,16,13,0,38,288,16,6,11,17,185,20,532,328,3388,506,16,490,16,5,566,14,668,899,41,275,0,4,0,407,388,519,570,961,162,1349,1449,434,3,0,3,0,122,110,0,0,188,68,3,145,0,308,90,16,4,44,1,158,257,3,38,0,126,0,2,15,152,7,10,8,8,0,0,0
179,395,356,1594,3040,4735,1677,1331,54,4,826,2008,3620,2539,37,39,34,42,44,48,1,36,0,0,2,5,7,0,11,2,12,648,10,2,259,10,188,87,3,27,1079,25,132,138,471,1,16,44,986,1929,216,83,206,129,1057,1537,432,1050,2779,5286,759,4317,420,211,48,0,15,0,8,11,1,10,37,31,22,13,4,0,0,15,10,1,0,0,215,1108,2664,99,2,0,31,2,1,0,25,0,7,2,11,254
0,1722,2759,0,3119,4712,2603,173,46,60,1911,4416,2334,1138,31,255,1783,43,19,8,14,33,0,14,4,11,8,14,66,81,14,23,5,4,11,11,72,83,13,10,20,50,9,55,844,45,83,0,52,159,56,305,7,27,2477,1978,3106,1949,2032,1649,2237,5125,1442,0,0,12,30,3,17,5,0,0,14,3,0,9,1,0,0,46,158,2,13,4,864,4275,1449,12,0,0,2,0,47,0,184,593,8,59,0,15
27,1080,1369,65,620,993,519,84,9,18,36,36,70,6,18,225,23,4,25,58,12,2,7,24,17,18,55,321,69,14,12,6,17,0,3,1,0,25,3,45,1,369,20,4,44,8,893,8,6,13,17,652,2427,1257,286,1164,2901,6314,4624,3044,4725,2015,927,4363,10,2,10,13,87,81,9,2,38,5,10,0,5,67,0,9,5,24,6,0,1,392,3,85,0,36,75,19,0,0,18,0,14,1,0,7
11,38,82,1972,1885,963,4,82,88,133,22,1,34,64,7,214,3,4,0,31,245,7,14,11,43,0,0,0,16,827,8,24,221,0,2,20,4,152,6,213,27,58,19,15,14,1,7,30,0,20,368,1206,2421,491,2791,1927,2174,5182,2517,11830,7424,4334,1244,4190,1331,8,44,77,5,2,21,33,4,11,26,18,2,1,0,4,2,3,25,359,17,6,0,2,0,3,0,14,0,15,4,4,0,5,0,6
6,11,26,237,2642,2522,52,56,28,27,31,33,0,711,24,4,8,199,647,2300,4130,1713,17,16,0,336,6,0,4,11,13,12,3,142,24,0,378,17,0,176,45,104,2301,193,100,49,48,23,260,10,8,2605,284,1424,4633,3700,5391,6826,772,7395,8595,6408,4285,4800,3780,328,12,2,24,12,0,0,3,33,347,66,38,10,7,4,14,0,0,9,28,17,14,4,3,1,1,129,464,478,22,1,6,11,88,3
6,376,2120,849,1788,2502,188,460,39,22,1145,944,16,13,44,0,33,342,642,1348,4329,1892,2513,2487,307,0,6,5,93,0,34,2,3,136,2,0,4,1,19,59,20,13,53,7,634,11,9,38,177,23,10,1744,933,33,3769,1406,5165,8585,3078,7710,16658,6925,5458,3798,3616,854,12,5,0,2,12,13,4,11,42,17,0,12,6,21,5,0,3,1,3,0,0,64,249,0,72,10,1,256,5,0,1,844,732,0
2596,3283,2654,31,1861,3935,360,548,55,43,103,43,13,20,86,79,48,11,1,4,857,4293,5368,3742,77,22,547,38,1250,42,143,7,9,8,11,13,1,8,23,616,571,64,24,1,1773,428,30,1919,395,24,24,214,1905,2597,3957,3772,4451,10877,8357,5147,13671,5201,3154,2967,558,414,26,910,518,21,7,42,3,8,0,2,0,2,0,16,1,0,0,0,0,10,0,0,50,149,5,1,0,597,0,9,13,6,222,34
4729,1941,2961,3801,583,3273,681,83,11,8,30,61,83,0,20,61,10,51,1534,1685,2567,4392,3783,4930,2164,887,1905,10,1,0,0,26,1,33,5,7,49,0,20,103,698,4,94,12,17,23,3,510,149,71,76,29,2410,1164,4430,3081,5208,3237,1414,6907,5244,3463,671,152,212,0,12,22,0,7,4,397,397,18,145,28,1,0,20,30,0,7,1,7,118,34,3,169,15,117,1,33,8,128,105,0,6,0,0,368
5920,2735,2006,3481,115,3095,780,50,7,14,16,330,6,0,5,16,23,226,6,479,1076,3677,3342,3751,1521,1850,2376,0,16,19,9,3,447,85,1,39,15,7,4,1,1,9,15,5,8,30,27,134,25,32,18,0,14,5,11,4272,2749,2058,4971,4311,4055,2988,2540,358,12,4,0,9,0,49,4,14,28,3,10,14,61,1,2,0,0,313,0,8,0,8,16,0,0,0,0,0,19,52,175,0,0,62,121,16
2994,4968,1577,832,2552,3085,450,246,369,982,2910,120,18,28,33,29,30,23,31,530,6,2388,3864,2643,24,534,1677,18,73,15,18,18,114,6,15,135,5,2,63,15,18,89,9,9,19,314,15,12,4,12,9,6,23,0,23,819,837,4133,6362,5348,2101,1295,4211,4541,46,8,77,5,52,92,0,11,39,33,2,53,200,11,34,33,9,73,4,32,1,70,1555,20,19,187,1,6,300,1,393,61,0,30,96,10
