0,0,0,0,0,9,5,4,3,12,12,4,9,8,29,16,11,8,14,84,9,30,6,0,0,3,15,0,2,4,0,4,36,25,17,64,14,6,7,4,7,8,8,54,10,37,38,42,0,7,13,5,0,0,8,29,4,0,1,8,34,421,1241,16,13,10,8,20,33,0,1,20,31,8,14,1,93,17,14,7,7,13,554,112,117,1742,4721,3155,2303,3664,6811,3765,6437,2390,369,705,3483,4883,4886,2740
2,0,0,0,0,14,12,3,12,596,22,8,19,20,15,21,27,21,58,72,114,46,10,9,9,7,224,16,7,13,2,18,25,14,13,14,0,1,8,11,21,0,1,12,8,22,8,142,6,8,15,3,13,1,27,16,14,0,0,13,25,14,3,5,11,21,3,11,43,7,18,24,0,7,6,47,113,199,3,20,10,176,1030,41,29,58,1041,1744,3140,3108,4456,1030,1316,5260,3490,3557,3204,3918,3087,3063
0,6,0,0,4,3,3,20,9,31,26,14,35,5,33,1,5,36,37,13,57,32,163,0,5,14,3,16,14,106,30,99,11,3,0,8,10,2,8,4,0,3,6,4,17,18,49,38,5,3,3,15,0,38,15,14,53,0,9,0,0,20,23,8,20,23,14,54,65,38,32,5,9,23,13,9,14,17,59,6,3,36,13,6,64,35,325,2249,4490,4746,5860,4332,2445,2799,4441,5635,3167,4519,821,4018
4,9,6,6,21,4,3,0,14,14,15,51,214,7,3,23,15,51,36,9,7,1,817,10,5,6,3,7,3,0,0,13,16,11,21,1,5,11,7,12,19,1,0,0,0,15,36,10,19,8,23,17,47,29,13,23,23,6,2,91,2,1,0,0,19,7,14,6,10,34,92,3,14,18,14,11,18,27,27,3,31,9,20,11,5,10,192,57,5065,3958,5175,6195,4882,1605,3130,3087,2172,4755,5381,2502
14,3,5,19,25,13,81,31,4,4,1,7,4,0,32,10,186,55,3,226,9,4,15,0,11,2,3,45,62,5,8,14,5,3,0,5,0,3,2,14,1,0,0,0,10,153,199,22,0,11,74,38,4,8,15,16,75,0,29,0,16,3,1,24,20,36,3,48,7,6,64,9,4,72,0,207,114,274,32,64,70,1,40,102,39,12,107,365,3464,2793,1272,1161,4869,2815,1504,3504,3283,1581,4412,5295
35,3,25,13,19,2,20,11,6,10,4,7,8,16,21,49,520,4,6,15,4,19,11,52,6,7,122,293,26,33,4,62,26,0,0,5,0,4,9,12,3,0,0,0,72,667,15,0,1,15,9,12,4,17,9,8,4,13,8,8,12,15,18,24,31,24,68,27,15,56,429,92,34,15,43,40,41,25,39,10,44,32,26,276,143,151,18,504,309,199,854,3119,4841,4220,3788,3966,3348,2859,558,4670
54,26,98,12,18,15,25,15,25,23,67,19,11,23,52,25,40,1,19,24,29,1,13,10,31,28,9,183,90,13,19,12,9,0,2,6,9,9,56,22,0,0,0,0,172,2146,609,0,0,25,34,18,40,62,31,9,8,100,0,15,0,10,85,38,0,6,13,33,21,52,3756,2642,541,378,57,2,9,50,6,659,62,12,33,7,115,119,1587,2625,30,156,842,3602,2716,4918,3308,4510,5794,3355,1447,5228
16,41,28,573,3,17,93,17,3,15,824,1125,309,31,3,26,36,19,4,6,7,5,6,3,57,14,14,33,0,2,9,25,5,2,7,21,65,21,72,24,6,0,0,2,183,97,13,139,14,43,134,108,7,10,6,1,20,12,7,23,20,18,9,8,15,9,22,3,29,16,740,1497,2588,4,121,17,3,6,26,14,8,111,28,29,100,645,4397,2545,15,77,1119,1920,4792,3801,3126,3253,3980,4994,1181,3556
3,15,65,217,19,0,21,33,11,820,2060,1644,34,18,26,11,37,45,21,24,62,8,15,51,16,29,23,23,13,23,5,13,2,69,39,0,3,21,7,29,0,0,0,2,199,15,21,52,7,4,9,74,5,25,5,1,33,15,8,2,0,7,19,10,12,9,17,10,32,42,73,197,137,57,22,5,15,39,28,16,31,26,102,28,6,145,570,602,58,114,2509,4848,4563,4764,2738,2558,4340,1556,2046,5631
15,5,10,29,4,5,6,16,430,2731,1013,39,12,2,320,15,48,32,7,44,122,10,10,0,1,19,20,14,2,4,26,9,4,40,0,0,8,17,2,4,0,0,9,29,26,13,12,8,40,5,3,8,10,2,18,5,15,47,4,3,11,0,42,10,9,10,68,19,22,20,9,114,272,111,48,18,3,11,33,36,227,60,26,39,7,30,712,718,1466,123,870,2798,4493,4591,1192,4082,5900,2877,1009,3077
3,9,23,60,7,11,11,64,149,7,39,11,16,7,534,98,18,6,2,2,7,27,2,5,8,2,13,0,11,12,24,28,304,19,2,15,17,3,1,10,0,27,10,26,46,39,0,0,9,13,3,0,8,29,46,11,25,1,38,18,263,132,2,5,1,2,10,8,29,5,18,4,48,45,3,4,36,33,9,12,29,32,16,5,8,9,248,2947,4336,1809,1712,1993,3376,3139,2674,4768,4327,4381,1083,1767
18,1,263,35,0,2,28,36,34,9,8,17,3,29,11,20,5,0,5,3,0,0,0,0,0,2,0,12,3,7,3,443,1024,2,0,3,0,6,3,0,0,12,17,9,19,8,0,0,12,13,7,2,36,4,7,7,0,2,0,27,116,42,9,30,21,40,20,24,18,2,30,46,21,13,11,40,5,32,44,36,0,8,21,0,0,7,64,643,3790,3349,4856,2993,2466,547,4648,2999,1024,4883,1540,2346
16,1,34,19,0,22,21,21,0,23,64,11,3,6,3,16,8,2,0,0,0,0,0,0,0,0,3,20,5,0,14,56,22,10,3,4,1,41,14,10,9,15,73,74,20,22,9,6,10,0,6,0,101,4,9,12,4,5,13,3,17,19,27,68,0,2,0,18,59,9,0,41,147,3,19,9,12,14,24,13,44,10,83,39,10,2,26,177,4500,4403,2681,4614,213,1299,4862,3283,3343,6445,4935,5067
18,9,16,2,0,2,5,12,9,18,15,2,1,0,0,0,0,2,1,1,0,1,2,4,0,8,7,11,9,2,3,16,11,6,27,128,11,6,2,16,16,7,1,81,9,29,15,31,12,0,120,63,0,10,11,3,1,22,1,1,0,12,34,9,8,8,19,5,6,7,7,14,82,4,120,14,8,35,24,20,7,13,168,4,1,21,225,241,4677,4880,3839,4103,2796,3679,3647,5715,3457,4211,2697,2976
7,10,0,0,0,4,6,0,6,5,1,0,0,0,0,0,4,15,12,6,5,0,17,5,1,3,1,7,8,15,10,2,46,1,25,98,1,11,62,1,4,5,15,177,44,15,1,19,4,47,153,17,1,3,23,7,17,19,16,1,5,75,39,1,19,3,3,8,26,1,36,20,28,25,8,4,79,26,28,0,3,0,8,19,11,81,217,137,2852,3702,4703,4592,3929,4076,2145,4631,3453,3819,4789,4851
14,20,0,0,0,1,5,1,16,0,5,1,0,0,0,1,6,6,6,13,1,3,14,14,0,6,19,2,7,27,6,18,0,31,23,11,13,0,5,24,5,8,46,39,4,15,4,26,37,37,0,0,0,44,3,7,80,23,8,3,7,13,13,21,6,4,4,7,4,11,12,78,5,1586,23,51,1548,5,0,0,0,2,17,1130,505,77,354,23,3387,4383,4322,2964,3822,1830,5610,3166,2654,243,3515,3306
10,6,0,0,1,2,0,1,3,0,0,0,3,0,13,4,0,0,1,0,6,1,5,9,3,1,4,8,0,1,9,0,2,4,5,14,11,1,12,48,0,22,235,634,6,8,28,42,80,11,0,19,3,6,13,3,3,13,1,21,6,13,0,0,6,12,0,24,15,109,12,51,35,487,1223,22,31,56,19,16,18,13,38,579,1908,594,0,45,2767,4208,3833,3632,3676,613,1854,4936,3994,2456,2212,1529
20,3,0,0,0,0,9,0,13,0,0,0,3,5,3,8,5,1,2,4,5,10,23,5,166,20,2,52,14,0,34,0,6,2,5,23,2,2,2,8,8,45,486,1115,19,10,2,11,37,108,18,20,7,32,10,16,82,13,30,26,11,6,20,6,0,7,73,169,17,35,2,9,7,77,182,37,4,18,59,12,0,29,76,7,39,74,12,6,1359,1527,2068,3108,2251,29,3039,3406,1811,166,132,3839
10,5,0,0,1,0,0,9,1,0,14,0,2,4,6,4,22,8,7,10,3,7,13,14,9,11,0,14,17,44,98,21,1,125,8,7,22,4,24,198,27,9,0,27,5,0,23,28,5,12,7,23,14,6,5,8,15,4,5,25,11,26,8,11,32,13,30,11,42,10,30,5,5,13,1,24,27,25,28,42,8,40,67,80,91,13,2,26,92,4,888,799,34,3,467,2,200,12,31,3999
10,0,0,0,1,14,5,18,4,0,0,8,0,0,4,2,5,11,21,11,11,8,5,1,0,3,1,3,10,181,364,16,0,0,8,18,25,106,11,36,85,9,1,6,17,33,3,27,12,1,29,57,18,7,13,4,24,7,35,3,92,0,0,17,79,93,19,1,12,34,0,116,24,42,18,10,123,7,99,82,11,220,40,17,1415,143,15,29,13,876,2132,592,38,0,27,49,263,6,2,78
9,11,0,0,0,1,5,6,4,4,3,13,0,2,0,3,3,3,12,46,5,3,1,3,4,0,0,0,9,10,19,7,1,9,11,17,22,19,1,3,1,18,4,18,6,76,19,3,5,10,0,0,28,1,2,10,9,16,14,2,16,11,23,50,36,72,17,9,18,25,37,22,11,43,56,46,27,3,6,95,12,182,989,106,884,8,31,76,120,1081,985,162,369,95,43,526,519,4,26,509
1,2,0,0,0,1,2,2,3,34,4,1,11,0,0,10,0,0,1,0,21,5,5,2,2,0,0,12,8,1,2,15,0,8,1,4,49,29,10,159,8,4,17,20,14,43,8,8,4,35,3,24,1,10,2,2,6,4,2,0,5,66,61,70,3,11,4,14,31,49,21,0,9,8,20,118,9,62,34,34,24,629,1918,848,1601,22,5,747,458,90,67,35,581,51,32,173,143,337,3370,4279
0,0,0,3,0,1,3,0,2,31,6,1,0,0,0,2,0,0,0,0,0,15,2,5,1,2,2,2,7,1,1,9,10,9,0,0,2,2,40,16,19,6,0,18,35,6,1,5,62,21,0,15,0,16,64,7,124,27,68,17,9,6,81,21,5,9,17,32,27,8,0,15,50,11,1,51,76,178,93,49,499,3155,2714,4643,3904,233,16,55,12,128,5,232,484,88,114,148,19,283,4956,3324
9,5,0,2,4,0,0,5,12,8,9,1,0,3,0,2,0,0,0,4,9,2,15,24,40,0,8,4,9,15,17,23,11,8,4,1,9,17,17,9,1,1,4,1,5,17,14,21,24,10,33,24,8,22,74,9,22,69,131,0,0,226,52,76,10,8,34,730,98,3,0,5,20,9,1,4,230,28,60,1088,539,3338,4634,3241,5014,1113,7,9,40,54,31,155,182,20,82,41,27,79,1319,2878
22,18,0,2,0,3,2,0,6,8,5,5,11,2,2,5,0,0,0,3,2,1,2,6,94,25,2,0,11,6,0,3,12,11,0,14,161,14,3,0,11,16,3,7,37,12,1,6,10,11,313,3635,1532,12,16,21,26,145,152,611,94,165,10,51,35,35,766,1203,11,29,22,22,89,94,0,5,7,2231,2617,2101,22,2695,3124,2193,1364,57,21,30,45,24,91,67,26,0,235,90,134,175,148,286
0,0,21,4,1,1,1,4,9,2,7,2,0,6,7,7,0,0,0,0,6,8,15,16,36,244,15,1,30,2,0,0,0,1,117,236,2,11,9,8,454,26,4,4,3,14,8,0,1,5,206,2578,2334,192,0,0,8,253,80,199,50,49,11,30,15,9,7,11,10,8,5,59,267,271,46,101,59,515,338,51,5,2626,325,1959,3219,105,250,180,4,347,44,17,33,48,441,767,2710,1663,422,856
21,0,0,0,0,3,16,0,0,6,63,10,7,4,6,5,1,0,0,5,22,6,7,7,5,5,7,18,9,0,2,13,14,32,58,265,19,16,24,7,173,14,7,5,0,3,2,2,17,0,19,60,35,6,101,51,23,46,32,27,19,25,13,28,28,21,9,5,15,178,7,12,41,135,368,108,48,26,106,45,1026,188,13,152,293,5,107,34,86,222,6,8,64,139,123,1039,1832,581,49,436
5,2,0,6,5,0,0,2,2,4,1,38,4,5,5,0,6,8,13,5,0,8,4,1,2,0,7,63,1716,260,5,11,4,0,26,14,57,38,22,31,3,1,16,3,40,3,8,0,0,5,43,14,10,58,10,36,9,65,24,11,11,8,5,22,12,34,60,1,5,5,39,99,16,21,182,72,178,26,56,517,3464,1568,558,35,138,35,7,20,51,13,21,40,39,105,128,1011,1940,1395,154,1087
0,0,0,2,1,36,6,8,3,4,11,12,0,0,1,3,10,25,3,12,14,61,7,0,0,0,10,52,183,571,8,3,4,11,16,0,10,0,1,59,26,15,0,9,2,3,20,1,2,16,62,34,33,5,9,17,30,4,5,14,49,23,38,43,30,7,14,17,81,104,9,202,9,259,1,36,49,31,10,112,1566,3168,1277,67,81,64,28,1,15,34,16,39,21,65,197,4713,2999,44,283,49
0,1,0,1,3,0,6,6,3,2,14,2,5,1,1,4,13,10,6,4,2,5,11,6,3,7,15,29,18,15,7,0,1,8,2,0,10,7,18,6,11,0,0,6,7,29,12,5,21,41,40,42,217,19,5,56,5,30,16,37,6,45,40,51,3,2,14,38,10,14,7,6,25,21,29,9,15,43,10,696,2318,1288,183,89,962,59,16,37,8,52,9,13,30,9,855,2810,3496,2458,185,104
4,1,12,1,1,1,0,13,2,13,38,0,10,16,11,6,8,2,0,0,12,7,2,3,0,5,3,24,0,0,8,0,7,6,5,6,22,8,4,0,9,116,4,64,7,0,2,27,9,160,5,25,11,4,61,41,15,20,20,209,66,26,16,133,117,10,48,53,73,103,102,43,67,63,12,1,19,20,60,581,2020,94,66,66,378,4,18,22,18,32,37,42,5,23,1625,4474,3664,539,57,112
3,1,2,4,7,0,6,5,3,16,54,1,7,5,9,12,4,2,0,6,34,0,4,14,1,35,20,18,0,5,6,0,6,6,6,2,29,16,11,5,4,512,1,0,23,13,1,52,10,35,10,104,192,20,45,60,33,48,44,1905,168,50,24,23,57,29,54,34,13,245,78,18,72,32,47,78,23,15,53,83,204,17,56,78,113,24,17,366,69,24,23,31,24,17,1185,1518,545,50,14,32
21,0,27,4,16,3,8,13,24,34,33,4,6,3,15,48,31,6,0,8,6,12,23,4,0,13,17,41,0,4,186,15,5,4,8,26,54,8,18,6,4,13,24,16,22,0,2,35,183,424,13,94,308,29,32,9,20,40,91,1265,62,20,77,60,11,46,19,26,17,17,14,90,53,78,277,118,24,25,25,84,95,151,21,53,75,25,28,53,32,20,43,6,50,109,845,190,47,23,8,25
6,14,23,35,0,12,4,4,6,11,12,21,16,3,45,22,3,0,0,2,0,0,0,5,5,0,23,17,0,104,162,3,0,7,6,0,4,19,10,8,19,6,18,40,0,1,83,21,27,39,5,19,28,18,25,23,10,31,43,117,19,6,13,34,20,16,9,45,0,22,14,24,21,37,166,249,18,10,15,129,2,32,87,34,140,18,34,21,13,4,7,62,369,4,663,11,44,40,12,76
2,24,10,10,21,5,31,51,221,113,3,8,1,4,10,2,0,0,0,0,0,2,15,6,5,4,18,5,45,38,21,16,28,5,0,1,19,4,8,11,0,4,53,16,5,27,145,93,3,14,5,13,9,5,12,16,11,39,177,24,2,19,17,1,17,14,119,27,23,6,40,76,32,54,24,129,24,92,9,90,74,0,43,61,97,7,18,12,228,6,15,68,937,50,70,89,12,6,12,48
5,7,3,15,10,9,8,7,188,55,29,105,2,4,7,7,0,0,0,1,0,0,0,4,4,10,16,19,16,30,149,1504,62,25,0,34,14,4,0,0,14,13,10,181,22,9,86,54,16,17,20,41,7,7,27,4,14,25,12,11,3,14,23,5,11,18,15,7,6,12,43,4,10,10,24,2,15,44,31,39,40,35,45,175,517,36,11,13,1948,254,90,101,3,9,7,30,55,9,19,11
5,10,1,12,74,9,23,14,2,14,12,47,9,25,4,5,0,0,0,0,0,0,0,1,36,18,34,22,2,3,107,91,123,54,32,4,50,11,7,21,77,1,62,6,9,11,4,34,283,28,12,13,24,22,7,63,28,5,10,0,0,3,34,13,23,21,11,0,164,15,74,0,40,47,13,19,6,30,154,60,49,364,103,92,312,18,48,55,1582,2609,2348,170,31,23,38,21,224,2,14,0
0,3,1,10,266,370,591,4,1,19,23,11,5,21,22,15,0,0,0,1,3,0,12,15,12,0,95,5,9,0,11,2,8,2,4,0,15,20,20,32,88,24,10,15,42,5,32,51,130,9,8,11,29,18,16,11,11,1,13,52,2,13,8,7,32,56,6,10,25,10,20,24,3,38,30,25,22,17,112,2,12,67,59,36,6,9,34,41,3330,3668,2172,194,98,10,65,7,76,15,22,55
4,6,7,7,19,1232,1425,74,9,3,2,9,9,0,9,0,0,0,0,2,9,10,2,10,5,13,3,6,1,9,9,4,12,11,27,11,42,13,7,460,81,10,6,183,368,64,20,28,25,31,1,105,88,11,18,12,31,33,0,37,8,10,12,16,26,13,19,35,69,16,13,481,23,13,23,85,41,38,18,17,6,27,24,11,47,60,26,52,351,3301,1955,106,11,32,31,43,0,15,60,47
6,8,6,6,18,1075,186,9,4,3,2,4,0,0,1,0,0,0,9,0,8,206,12,20,3,14,38,10,4,26,0,2,13,37,12,49,41,4,8,0,9,0,6,47,64,37,0,1,10,36,4,4,36,40,4,44,46,7,11,15,24,15,10,10,15,9,7,39,13,16,8,24,27,24,28,95,28,15,160,49,26,206,71,120,38,23,53,76,98,38,56,137,6,2,7,25,7,6,85,4
12,2,3,13,18,346,2,7,14,0,0,1,1,0,1,3,2,0,0,25,1,5,1,21,17,45,28,0,0,0,3,42,33,25,7,13,12,13,33,9,15,29,15,32,31,1,25,22,399,3719,107,3,42,26,13,17,22,15,22,20,26,4,13,5,20,5,14,57,9,29,18,23,15,9,35,476,100,31,30,39,3,138,294,29,121,87,1536,742,70,11,36,38,26,13,17,68,36,8,29,29
25,488,22,7,118,288,10,2,6,0,0,9,17,2,0,2,4,9,7,24,2,8,17,11,80,28,10,11,3,15,39,26,11,6,41,1,1,4,167,232,7,219,84,1,0,0,10,1319,1786,3106,292,2,99,28,2,8,4,8,22,0,12,5,40,35,124,0,22,16,20,19,7,8,7,12,52,17,45,71,34,16,2,60,599,89,2385,359,814,122,29,79,123,11,25,44,222,24,0,61,30,10
6,102,9,7,272,15,29,3,0,0,6,12,4,8,0,6,1,0,0,0,4,18,19,11,11,5,8,5,67,48,23,25,6,39,8,13,58,16,69,26,27,6,23,6,27,115,23,52,8,271,16,28,18,30,109,26,38,10,12,11,0,13,5,19,18,9,9,24,1,27,20,55,59,29,26,33,38,14,2,32,177,846,116,139,3872,647,2030,2350,349,0,444,12,13,51,24,6,55,13,61,7
19,2,16,5,42,3,6,7,0,1,19,74,0,7,0,0,0,0,0,0,8,12,8,5,2,0,5,3,109,1709,737,36,115,75,15,16,34,14,37,27,21,12,31,2,0,0,42,79,10,33,14,20,147,22,0,27,5,13,14,18,183,39,27,75,34,25,37,19,9,14,42,255,43,147,35,71,10,38,11,17,143,304,65,2148,4804,4355,4818,5586,3321,10,31,45,625,19,0,0,16,5,187,14
17,10,16,16,3,12,3,2,18,10,2,16,15,6,0,0,0,0,0,0,0,10,22,31,6,0,5,22,14,82,46,0,18,259,12,20,1,36,37,19,3,15,68,16,25,35,0,21,0,16,34,44,8,14,63,32,9,18,2,5,17,2,16,17,36,76,115,22,19,7,68,42,25,21,38,152,123,20,27,29,154,22,1635,4491,2768,3396,5000,2850,2667,2,0,0,301,21,0,21,56,110,87,79
74,103,40,5,5,5,0,0,11,20,4,60,19,0,1,7,0,2,1,0,0,16,21,51,9,5,19,95,14,35,20,10,5,70,23,26,42,12,13,36,37,296,56,11,11,3,11,12,2,6,27,8,18,10,31,43,12,26,2,7,6,7,37,30,1865,1988,41,136,12,53,88,40,47,32,45,3,2,10,60,20,50,116,2383,4939,1936,5489,3977,1318,176,13,34,7,162,37,277,9,44,48,122,1
1,1,134,3,30,1,2,26,18,5,4,5,1,0,0,34,9,0,2,2,8,1,6,12,26,4,11,8,18,24,15,16,3,4,1,14,8,13,1,14,4,5,2,3,13,52,0,70,9,20,59,53,3,10,25,8,31,4,7,0,9,12,23,5,23,4,35,39,12,34,29,99,5,39,131,66,92,99,56,0,13,539,604,2333,1658,3206,1916,1314,67,26,68,2,27,0,30,19,1,0,19,63
9,6,1,32,8,0,4,14,0,0,0,0,36,1,7,0,2,0,6,3,2,1,0,8,15,6,6,8,9,0,24,10,31,24,56,56,20,5,11,54,0,10,8,2,28,28,19,17,30,26,180,21,4,13,25,0,0,1,11,99,103,10,27,15,6,17,20,8,27,27,4,11,55,6,199,53,22,48,131,238,29,13,11,1210,360,3536,2926,123,17,5,15,32,98,4,16,6,128,5,0,8
157,10,7,735,524,24,42,0,0,0,0,4,11,10,1,0,0,0,3,7,7,9,0,4,7,11,31,13,0,4,9,27,9,295,18,20,20,1,0,73,1015,46,4,24,22,124,115,5,7,16,34,8,41,85,208,3,5,3,7,10,46,14,15,31,60,6,1,2,15,28,15,12,124,59,44,67,80,37,62,48,28,240,455,325,2,506,1340,262,156,5,12,26,16,2,0,6,6,3,368,147
21,10,35,592,947,0,14,0,0,1,0,1,9,6,2,0,0,0,10,0,2,35,3,1,7,22,20,11,1,45,11,13,19,3,8,42,15,3,0,16,6,95,1,86,11,11,67,8,9,0,37,28,42,12,332,74,33,0,42,12,53,37,102,50,14,52,9,20,6,61,15,42,82,103,81,48,41,347,389,10,67,126,524,183,33,33,23,154,387,4,2,10,22,455,90,15,68,49,108,24
9,33,15,21,14,1,3,0,1,17,2,6,6,5,1,4,12,1,13,13,13,2,1,1,6,1,47,21,11,45,108,355,0,33,18,8,3,6,3,18,1,19,3,3,1,31,73,5,3,12,5,24,72,52,20,13,28,18,91,43,19,52,40,23,0,26,13,52,34,34,17,30,36,21,9,30,79,35,49,126,22,31,81,708,244,1403,48,56,151,14,284,89,133,44,3,264,56,14,31,9
0,0,0,13,5,2,15,17,15,2,1,3,0,0,0,0,13,5,8,1,20,2,5,8,15,40,36,20,9,1,23,48,6,58,42,11,28,119,6,0,0,7,1,1,8,10,140,11,218,416,35,5,217,72,28,15,7,17,41,1,22,3,18,2,35,80,272,19,27,3,18,32,47,53,62,78,111,2707,2184,852,20,25,7,56,19,993,42,52,23,1,4,65,920,390,54,449,7,0,29,7
10,10,6,7,2,0,3,66,27,7,0,0,0,3,3,0,0,18,69,7,9,4,17,3,31,34,35,27,18,123,4,26,8,7,0,0,16,30,57,5,11,1,5,10,9,7,16,34,42,195,18,150,567,57,50,36,39,15,10,56,86,46,27,20,5,16,70,36,3,9,4,71,240,352,25,13,737,4048,2502,736,131,0,27,4,8,77,12,59,52,34,147,2,21,18,64,246,573,355,214,90
0,5,7,0,0,0,3,12,6,0,0,4,15,2,12,16,64,2,19,0,2,15,3,15,8,13,3,1,0,57,1,1,0,61,22,0,5,0,12,16,17,20,4,7,5,70,54,36,18,10,92,15,19,82,45,43,81,40,114,55,16,11,40,81,5,10,6,73,134,2,7,12,402,53,1,35,791,1440,2621,3031,5,0,29,53,59,7,78,12,10,0,21,6,35,88,2900,311,25,17,100,597
0,1,0,0,2,3,3,28,0,13,4,5,12,8,3,18,22,1,5,12,7,14,48,1,104,77,26,15,16,27,10,8,47,0,7,7,249,44,13,7,15,15,105,5,43,59,123,17,69,17,832,8,89,694,22,16,4,20,15,18,6,32,43,15,7,10,9,17,21,11,18,18,41,58,31,31,321,1401,2216,2989,231,112,39,76,7,22,18,42,15,6,12,129,0,168,2841,339,237,2,0,70
1,1,4,0,0,6,7,6,7,16,15,13,5,8,0,0,13,1,11,15,25,16,11,0,0,17,18,20,13,7,4,4,50,45,22,3,31,15,3,37,7,4,0,21,19,0,53,480,72,78,150,9,0,10,70,159,47,0,63,0,20,85,9,64,29,8,38,23,33,34,48,29,6,26,16,45,139,559,966,866,22,37,48,14,3,199,3,2,16,24,7,52,4,4,103,133,26,31,56,402
0,0,0,2,3,9,6,9,13,113,7,1,5,1,3,2,0,11,5,11,11,370,35,25,1,5,13,30,19,31,5,10,40,29,11,3,10,39,9,32,27,80,95,28,861,1175,23,65,298,29,28,61,100,0,23,73,486,44,1,11,32,55,30,24,95,37,5,21,53,250,39,24,19,16,7,147,358,914,4,54,14,96,0,10,10,63,92,130,1,11,0,354,162,159,38,4,234,0,14,26
6,0,0,0,5,9,5,13,10,76,29,5,3,10,1,11,9,1,6,15,10,3,863,519,29,27,26,1,6,3,0,21,5,0,1,57,21,8,35,35,6,36,5,16,88,136,182,32,234,1384,1035,396,50,2,41,107,585,67,81,49,24,8,2,29,24,19,2,3,37,16,11,22,21,27,112,1014,53,725,26,21,51,638,96,92,29,23,123,80,16,20,51,38,12,94,9,200,61,70,92,1
13,1,0,0,4,7,0,14,14,5,4,14,16,8,5,4,68,4,13,63,8,47,373,101,25,0,7,14,6,31,9,189,25,1,0,13,23,29,115,2,45,0,5,27,63,86,234,303,1040,3429,694,2963,330,38,215,414,823,30,53,0,9,7,55,35,111,23,0,18,11,54,25,19,18,5,69,351,50,781,13,33,20,52,31,24,60,32,64,59,2,16,20,140,969,26,15,89,0,28,413,29
12,4,0,0,0,0,6,1,12,10,0,15,11,6,12,35,23,19,5,3,61,120,12,23,25,0,2,0,7,12,27,27,8,9,12,0,30,1,11,6,2,11,27,3,21,10,96,22,1588,4118,2803,3027,3630,810,83,84,261,10,137,45,21,332,52,39,11,10,14,18,20,3,67,283,7,8,31,44,38,163,103,537,24,113,43,169,358,1409,737,21,10,1,30,17,36,3,31,2,0,12,1,14
7,15,0,0,0,0,9,13,1,0,0,8,56,34,17,1,33,240,114,20,24,36,11,13,4,0,1,0,4,1,16,0,26,22,44,8,5,4,62,6,5,6,17,27,126,113,59,39,65,967,2874,3305,2415,2351,3,15,12,74,43,3,1,21,21,29,44,16,41,22,22,11,35,35,12,16,14,6,11,9,44,322,85,54,13,50,154,491,6,179,0,12,221,19,19,113,0,0,7,0,0,52
0,6,0,7,0,3,6,12,0,1,4,4,141,150,11,18,11,91,66,4,14,4,5,6,1,1,0,1,4,3,0,20,11,67,615,136,9,26,0,59,52,667,91,32,127,7,70,14,1045,5708,5497,3943,632,104,103,244,1,147,38,69,3,4,6,27,43,44,49,26,37,18,2549,322,26,2,0,0,22,59,80,33,28,13,22,48,49,19,59,76,85,0,54,0,54,55,8,2,12,0,0,502
6,5,4,8,6,0,0,7,8,3,19,12,15,169,3,3,125,274,22,20,6,9,1,3,0,0,0,8,5,9,11,12,10,0,8,43,9,29,1,6,28,41,38,10,657,483,81,52,117,1913,1140,1210,50,22,35,50,22,115,4,5,24,8,3,38,50,128,29,27,10,195,3406,932,19,50,15,3,12,78,61,51,22,16,0,28,31,25,60,112,21,378,243,2,260,230,357,105,106,1,44,163
0,0,13,7,4,3,2,2,9,2,8,18,10,15,8,20,32,24,154,13,6,4,0,6,0,0,0,9,5,17,8,5,0,9,7,11,48,0,19,5,38,65,624,12,8,39,45,5,20,10,3,52,45,73,31,6,22,41,15,14,33,24,55,8,34,42,69,35,32,50,898,523,2,39,50,19,50,60,102,37,2,0,1,149,0,13,110,17,54,341,270,72,1190,395,64,35,15,30,5,16
11,1,20,28,10,0,1,8,8,3,11,66,0,39,175,14,17,5,12,31,8,4,1,0,0,0,0,4,29,0,15,11,42,21,5,0,7,9,3,0,4,9,628,2,31,180,99,0,24,58,34,114,17,0,33,248,63,28,12,22,59,143,4,14,50,2,5,25,12,45,1,69,23,23,5,3,41,34,99,10,12,19,1,31,33,25,7,0,89,45,11,102,11,183,0,2,1,269,54,1
4,0,12,9,17,9,3,11,27,6,1,6,3,21,233,543,0,19,16,0,8,0,0,0,1,0,0,0,1,11,8,10,25,49,21,3,2,10,1,6,0,0,6,49,23,76,0,0,11,83,9,7,2,35,6,10,12,382,383,27,22,14,7,20,29,32,14,35,9,46,15,20,14,5,49,22,8,18,40,17,77,49,0,27,41,25,113,90,39,28,13,797,1930,14,176,4,39,151,57,0
1,10,6,46,16,13,5,4,84,40,0,58,16,9,18,700,54,10,0,1,0,0,0,0,0,0,0,1,0,14,20,38,9,9,54,41,0,11,4,32,2,11,18,2,0,33,21,18,13,20,1,13,5,26,4,0,19,15,51,52,30,18,7,11,30,98,24,38,30,20,42,11,7,163,21,14,36,32,97,41,0,16,1,12,60,8,1,88,9,1815,1703,499,2326,262,135,6,222,12,0,235
11,12,44,28,6,3,18,4,10,7,12,1,4,18,91,8,20,3,8,0,0,0,0,0,1,4,0,0,2,20,13,13,6,16,15,3,16,44,31,15,31,3,1,4,16,60,44,0,3,76,193,74,9,74,5,20,14,51,2,27,13,18,19,11,74,109,28,4,13,32,47,53,21,147,30,21,22,38,75,46,10,16,4,16,4,89,29,12,160,3036,1478,0,29,3,3,0,49,21,82,25
37,20,25,30,9,8,5,11,13,26,24,14,11,1,23,7,15,21,6,0,0,0,0,0,2,10,1,0,5,5,16,16,13,3,5,3,4,2,1,19,15,10,18,35,4,37,11,28,127,173,262,44,5,231,21,17,22,59,40,89,31,69,20,6,36,37,15,16,19,398,83,17,22,0,2,256,58,85,23,20,44,13,45,96,13,11,24,3,273,2340,3035,19,35,10,1,97,1,0,6,20
38,127,4,17,21,175,8,1,1,10,11,0,0,23,4,7,13,6,4,0,0,0,0,1,0,1,4,3,0,1,10,8,17,24,49,10,21,10,72,17,8,5,106,0,57,18,16,1,151,196,137,69,21,19,11,13,11,5,1,1,40,11,30,12,18,6,1,20,21,25,41,20,40,10,23,51,49,5,12,22,24,65,79,49,14,40,4,12,11,39,13,0,16,3,0,26,33,9,18,45
10,3,20,879,2222,66,0,0,1,27,6,15,14,4,8,13,1,16,11,0,0,0,0,0,1,0,0,9,0,0,5,44,90,28,7,19,27,23,26,22,5,8,6,33,16,22,7,22,2,36,39,65,15,14,91,34,51,51,22,17,10,0,20,41,2,8,69,122,16,12,14,25,32,25,22,23,22,53,471,192,2,20,19,10,19,2,13,54,17,109,112,11,5,3,14,210,694,46,33,2
9,178,15,1415,2498,614,202,91,22,0,16,252,1,36,9,16,0,2,8,2,0,0,0,0,0,2,0,8,3,1,10,6,74,1,0,9,10,6,398,308,5,0,4,12,7,7,34,41,48,37,84,42,22,8,61,42,146,1,30,25,17,10,16,22,3,19,18,36,1,62,44,49,80,91,59,1,9,32,294,139,9,33,13,317,25,16,485,4,58,26,19,96,164,0,41,946,221,14,8,12
8,17,17,11,5,196,149,100,14,10,99,17,21,277,28,4,2,1,3,0,0,0,0,0,0,2,0,0,18,0,0,7,49,4,18,6,4,22,19,172,52,4,19,6,23,18,8,93,16,6,22,9,35,0,39,20,27,37,14,0,21,3,10,45,79,33,14,0,9,23,43,54,125,37,57,57,1,6,33,25,41,36,30,23,26,71,127,2,49,11,22,98,7,0,1025,3870,4447,1048,162,35
17,10,4,14,20,2,12,1,25,8,2,27,2,2,10,0,0,5,26,6,0,0,3,0,0,2,0,0,0,12,0,5,29,11,12,5,14,7,20,18,3,5,3,5,58,20,19,20,19,54,13,105,71,3,0,65,41,17,32,35,235,34,71,154,88,29,13,196,40,16,10,363,649,20,18,83,32,0,42,35,36,92,2,0,0,0,34,45,64,74,4,38,52,18,35,1172,447,267,184,22
7,8,5,1,9,12,16,161,3,31,63,33,14,28,19,1,4,3,9,0,0,0,7,0,0,2,2,3,4,10,0,0,11,12,14,27,13,10,9,23,17,23,11,0,51,12,7,20,11,45,18,19,19,28,73,35,10,106,112,654,1034,18,43,19,25,88,60,294,102,115,28,1259,2165,31,8,42,20,22,14,205,114,344,8,0,56,2,40,66,0,43,55,66,9,520,69,15,175,226,16,0
1,0,0,3,10,13,11,5,7,60,4,8,0,3,17,0,4,0,28,10,0,0,0,3,0,0,0,1,0,1,16,0,11,7,12,11,1,11,9,10,322,11,10,9,33,9,15,13,22,80,22,7,7,115,53,26,286,61,477,1466,2605,244,8,80,99,26,91,39,50,78,20,29,29,12,0,21,32,19,13,134,123,18,36,0,66,199,68,5,49,0,22,545,1682,1310,2386,463,1047,193,29,3
0,0,0,1,0,0,1,0,0,0,31,33,12,26,41,0,11,48,56,12,0,0,0,12,8,0,0,2,5,21,14,4,3,16,13,5,2,15,9,30,1,12,15,1,1,3,13,6,16,22,15,40,13,7,17,33,14,39,60,2337,1047,40,25,353,29,32,6,49,88,61,117,22,15,13,51,10,55,34,570,21,77,0,121,146,37,201,1,0,21,109,91,2984,5700,3177,5247,2878,3850,2004,16,0
0,0,0,0,0,0,0,0,1,0,20,269,2,22,170,106,46,11,3,0,0,0,0,16,10,0,0,2,5,2,1,10,19,84,16,11,8,21,7,8,7,2,0,6,15,35,145,12,9,14,23,42,19,26,23,107,106,23,100,1068,31,3,3,60,64,15,18,12,34,28,28,6,21,23,20,83,123,40,337,32,12,14,56,57,201,177,64,39,16,211,251,3097,4736,4759,6280,7298,5102,419,7,0
0,0,0,0,0,0,0,0,4,2,22,16,18,14,71,28,22,11,65,20,5,0,0,9,9,0,0,2,22,11,5,28,20,279,14,11,5,3,31,5,0,12,2,9,2,29,13,44,49,38,25,30,100,43,6,22,41,11,6,364,64,52,49,131,90,204,442,37,44,1,13,26,28,35,21,89,277,74,9,34,11,358,15,70,72,326,2006,2241,27,147,733,2883,4204,3772,6243,3653,1994,335,13,2
0,0,0,0,0,0,0,0,0,3,30,5,13,6,29,159,12,3,6,29,9,4,0,114,23,18,5,19,26,13,1,31,209,14,34,4,34,19,13,13,59,8,3,23,32,50,5,27,24,29,19,20,66,24,25,8,101,4,59,123,120,27,40,51,102,71,57,41,171,55,203,19,38,7,28,22,0,10,0,1128,272,7,94,1171,1825,3968,1935,3483,1238,285,348,1562,4689,2804,4433,2312,3934,1278,4,2
0,0,0,0,0,0,0,0,0,0,0,0,0,19,85,606,18,8,2,19,27,445,92,21,6,2,1,0,0,43,2,55,6,12,20,19,9,44,22,25,27,16,12,18,17,23,7,10,8,17,0,23,389,7,16,15,116,131,155,99,57,9,75,10,66,36,669,25,378,12,61,107,867,85,67,54,35,9,60,286,24,121,400,3824,2785,4223,1245,152,1403,16,144,2,153,834,1372,1589,1452,222,24,23
0,0,0,1,0,0,0,0,0,0,2,6,13,7,3,24,8,0,1,61,102,1226,289,21,41,0,0,0,20,11,30,5,20,2,9,8,6,17,7,9,6,3,8,19,18,10,8,6,7,18,19,8,15,53,22,54,86,110,77,128,23,5,18,27,232,48,1591,7,459,186,141,7,4,37,57,99,63,41,40,44,0,0,1762,3443,3221,2317,1207,323,30,3,8,1018,692,45,83,54,6,6,5,9
0,0,0,1,0,0,0,0,2,0,5,16,1,0,9,3,0,0,6,21,316,371,19,59,35,0,0,0,8,5,34,51,3,19,18,13,68,19,27,20,7,12,1,11,41,26,34,26,23,29,40,95,20,9,247,152,15,16,45,93,45,341,763,272,1281,38,184,10,0,38,49,0,18,5,8,79,0,114,129,75,0,323,2968,8306,4821,3161,4105,2962,446,8,47,88,5,26,98,12,4,1,9,4
0,0,0,0,0,0,0,0,0,1,10,0,0,0,0,0,0,0,1,2,26,10,7,281,50,14,22,37,16,17,433,50,14,87,19,12,3,12,14,12,14,5,2,6,10,25,33,39,2,15,10,7,26,89,159,298,15,0,7,265,708,165,440,247,528,12,53,35,2,11,70,70,143,16,33,49,48,20,12,0,11,987,4097,5786,3811,4560,5596,1725,1397,3672,372,97,54,11,110,23,47,10,8,1
9,0,0,0,2,1,0,0,0,3,4,0,0,0,0,0,0,0,0,0,16,16,15,92,493,46,46,25,276,1201,3896,65,39,69,15,10,14,4,18,7,36,28,19,5,18,35,5,25,20,12,118,21,0,12,7,33,39,122,90,12,677,3,151,10,228,10,25,52,59,39,19,20,54,1,0,47,11,38,62,9,652,816,3342,1665,1385,4466,2515,919,52,1258,332,106,35,10,11,3,31,7,21,2
3,0,0,0,0,7,0,0,0,1,0,0,0,0,0,0,0,0,0,0,0,6,20,248,1167,421,239,25,491,3158,2777,26,18,23,15,18,61,15,8,91,23,5,12,16,19,50,14,9,77,17,1103,56,12,3,1,0,34,37,20,11,372,3,8,0,1,2694,662,36,164,45,4,252,84,29,116,45,27,26,12,1892,4500,3894,4243,1432,533,1050,552,73,38,53,17,41,161,14,14,82,59,4,0,1
0,0,0,0,0,2,0,0,0,0,0,2,5,0,0,0,1,1,17,8,0,1,177,131,71,41,878,203,527,476,1135,0,1,14,12,34,36,0,11,2,8,5,19,13,2,11,0,1,10,1127,576,604,10,0,2,13,43,226,15,147,0,0,0,0,41,3951,991,569,11,83,48,73,88,120,101,9,26,16,26,1355,6072,2647,762,79,5,47,26,46,45,69,10,2,21,12,18,2,11,19,12,67
0,0,0,0,0,4,8,0,0,0,0,5,89,0,2,976,1697,21,728,953,29,103,714,86,2,41,1,0,130,20,30,34,12,27,28,85,20,14,10,17,13,42,6,1,15,31,5,0,1,1688,2425,1783,365,9,196,58,4,2031,155,0,12,1,0,0,3,1450,4,83,205,95,2,2,16,15,57,0,103,9,9,147,449,116,0,194,41,4,28,90,51,186,75,9,9,132,28,13,131,3,3,0
0,53,0,0,3,207,35,0,0,0,0,0,165,175,76,1399,2672,1639,3051,1578,1,41,61,0,3,1,0,0,11,47,25,28,11,25,32,37,12,79,10,25,26,22,15,36,12,4,2,14,16,56,374,41,32,3,3,2,44,1191,1342,256,12,0,0,0,89,661,0,2,466,432,138,57,0,4,50,0,57,13,6,8,17,27,19,49,9,17,20,32,6,20,10,15,0,5,11,10,19,5,15,1
0,3,0,5,33,78,0,0,0,0,5,141,599,2876,2160,101,3187,658,597,1524,4,0,2,11,0,0,1,4,12,20,381,16,45,67,30,31,13,25,90,2,1,19,37,35,15,197,4,49,23,109,16,9,64,138,2,48,118,2300,1464,134,0,0,0,0,2,312,75,24,19,0,96,54,40,24,57,114,57,3,38,23,5,168,13,65,65,14,409,104,38,157,25,141,38,2,66,6,22,6,1,2
0,0,6,354,40,3,1397,5,0,0,166,56,1,1291,1592,1102,3544,336,5,1419,370,0,2,72,96,1881,0,0,15,11,34,21,10,164,19,13,15,57,107,46,10,15,34,13,10,13,28,11,16,168,26,30,135,304,6,131,36,151,1154,0,0,0,7,39,0,0,65,81,37,8,0,0,15,78,321,109,7,13,56,7,26,82,27,14,112,58,1175,204,99,29,21,110,4,7,1,28,161,18,14,7
0,0,278,1299,2051,1885,3190,515,5,4,420,1835,0,1880,2305,153,977,357,0,647,1777,0,1,0,682,2810,481,0,6,8,19,114,2,7,31,7,9,25,25,39,22,33,58,5,8,25,11,10,22,76,19,37,91,0,10,8,146,173,468,165,19,306,4,20,1,0,115,27,18,8,71,1,0,0,401,513,16,767,52,17,42,8,0,20,42,76,21,27,42,4,3,9,6,86,17,2,5,65,5,1
51,288,998,1910,2517,4597,1278,642,1,0,21,1308,46,2,696,851,212,690,3,253,1913,0,1,0,0,0,29,0,14,16,44,48,11,17,67,55,3,14,18,20,208,976,23,1,23,20,10,10,5,27,15,71,35,1,3,8,8,45,518,57,2,183,2,470,604,80,221,333,12,12,21,2,0,0,345,26,37,44,47,17,13,29,17,525,513,63,33,153,18,19,26,15,8,23,3,6,19,95,2,10
4,78,2241,1535,3316,3514,241,4,1,0,2,1260,956,9,4,98,0,987,10,0,210,76,9,0,1,0,155,48,3,3,34,30,37,26,16,39,33,2,12,10,11,14,4,3,19,8,17,33,7,4,47,12,334,68,5,9,29,25,6,49,1099,409,605,369,260,260,324,280,11,10,0,0,0,0,146,3,32,7,144,40,1621,41,321,492,716,313,401,67,11,35,432,34,1,1,50,4,1,1,35,5
6,0,210,174,923,3699,330,0,0,0,1183,1058,705,918,3,7,0,4,1940,0,450,1517,61,0,0,15,1205,29,0,1,32,80,559,45,43,25,43,10,20,8,27,5,59,36,11,21,9,30,9,54,156,16,42,42,37,17,1,29,0,173,1582,143,2,11,70,19,29,72,1,0,0,0,3,6,2,5,50,889,137,478,4304,306,2887,3576,1397,4094,1913,21,13,26,183,3,11,2,14,0,3,7,9,158
4,1,0,2,0,130,125,0,2,4,105,0,1,18,11,0,32,0,783,2,96,4694,827,0,3,196,2732,43,3,2,30,66,740,26,25,8,10,7,144,44,18,16,33,8,6,25,27,24,4,15,30,13,350,65,3,290,397,5,13,21,5,0,24,1239,158,11,23,13,10,40,0,0,45,9,76,7,3,129,84,44,804,416,1584,1565,2442,1842,1091,20,189,416,38,35,70,19,1,12,7,0,7,55
742,642,2,0,2,1044,1324,0,0,0,0,1,7,581,2177,1,125,49,23,3,0,1029,2241,0,3,27,2574,222,27,5,38,68,297,67,16,14,47,4,46,59,0,101,3,34,8,5,2,182,20,14,71,50,144,46,91,72,20,28,13,20,4,14,389,2799,1132,1,0,0,37,60,5,0,3,306,498,40,18,4,84,90,1404,1473,252,287,1269,428,600,41,2191,2277,335,282,92,19,148,0,0,0,0,1
3606,726,1176,6,0,0,1040,1146,0,5,0,1,407,5,1097,851,160,6,0,3,30,386,254,7,0,2,952,3221,1343,22,13,69,140,56,125,24,44,7,3,29,29,3,9,12,72,49,21,47,3,41,111,147,51,56,94,106,50,0,16,40,59,108,256,1403,1137,2,32,368,135,90,16,11,9,54,39,8,89,1,37,1,31,62,9,391,479,474,821,804,464,889,203,36,148,0,0,6,0,0,0,16
952,2615,2392,32,0,0,243,295,150,994,8,6,659,137,11,213,1168,314,14,7,332,1332,25,0,0,20,1024,2838,1627,14,18,8,48,85,27,19,8,525,624,25,14,73,8,3,11,9,17,35,5,43,25,31,236,90,157,22,14,6,74,31,214,339,19,76,0,1,19,614,267,21,7,21,11,34,215,108,59,345,37,12,1,22,5,151,542,170,531,532,72,40,27,37,22,0,1,8,2,68,88,1
409,2406,489,432,91,0,110,1616,7,205,3,0,7,76,983,2464,154,481,51,1,1425,1170,379,3,8,30,72,1935,1572,1223,1378,47,25,5,6,6,6,1693,82,24,9,1,54,8,13,1,5,13,18,0,17,14,249,69,5,10,5,59,44,786,291,3,9,0,0,0,5,5,36,1,50,58,51,30,2037,529,233,141,65,56,258,9,7,722,1344,299,896,1103,24,15,0,4,0,1,6,0,0,210,63,4
