5075,3446,2654,83,667,1839,116,559,716,1835,3967,3022,2931,1604,70,26,31,1,24,7,0,1507,42,46,32,14,33,659,232,4,4,5,119,14,16,0,81,0,11,6,12,23,9,19,2,10,11,22,7,106,475,31,99,2605,74,224,3023,5749,2874,3582,5173,3155,2671,3656,1547,325,20,0,0,10,129,3,4,3,9,19,2,3,10,0,4,7,5,19,1,438,2283,362,165,1,0,0,16,0,28,69,0,0,0,1
2898,3055,4379,75,508,199,979,3086,1584,78,843,2379,3260,455,200,15,21,131,84,8,36,21,230,164,1358,118,322,1426,117,22,1564,1717,18,3,0,21,10,4,3,21,112,14,31,330,303,18,856,978,4,9,96,37,645,2693,1673,475,1290,3453,4491,2378,4402,3408,7,5,295,858,723,111,23,3,3,10,4,17,37,36,0,0,6,1,1,0,11,4,9,0,0,8,0,21,169,0,0,0,0,0,0,17,14,0
5896,8673,3452,3857,761,78,613,5287,1457,0,280,1820,2220,2429,13,19,16,21,22,2,23,912,143,6,161,28,61,536,11,26,2853,2891,914,26,20,60,13,14,17,739,756,0,6,220,3709,2863,4099,1319,34,11,18,1343,893,3069,1429,2307,3899,533,551,654,1964,1218,34,55,60,1172,159,126,13,29,6,9,9,0,0,0,0,1,7,1,60,0,4,16,1,4,1,228,0,0,10,157,53,2,0,8,52,3,0,23
2281,5449,1897,2394,643,154,498,1744,1040,0,0,1471,1828,3792,3861,175,36,20,5,38,19,2160,0,61,503,30,20,118,120,2,15,972,286,5,152,236,11,1,8,171,171,27,49,748,2832,547,781,60,0,6,94,74,10,275,1088,1659,2563,685,31,126,3,10,1,74,2,9,18,4,0,1,0,50,55,2,2,11,0,29,359,165,0,13,4,0,0,27,1,118,0,46,3,1,0,9,79,6,2,21,17,2
4781,2384,5412,1209,1840,1857,6536,5603,3994,1720,401,2269,3558,4409,1767,47,20,14,1,15,15,586,4,173,701,9,9,0,10,63,20,5,159,47,34,45,6,329,278,3,79,1141,2184,2671,46,15,35,120,717,712,17,1433,21,46,1928,807,143,2585,3513,11,2,14,201,23,31,0,0,0,7,1,0,5,3,18,35,46,15,2,10,4,45,0,3,16,2,0,0,5,7,1,0,1,0,11,12,15,4,24,3,0
4878,4794,950,2146,3920,2394,1358,5302,7390,4747,4401,4400,2278,2579,1418,27,93,28,21,26,89,4,16,7,18,20,9,14,149,297,38,113,1020,1,18,40,27,113,120,62,718,4422,5254,2704,62,17,69,33,1651,674,18,54,11,1,1035,107,1,62,9,14,26,1,13,2,616,5,4,736,1112,1,29,149,5,6,0,0,7,119,27,0,0,9,8,0,0,1,2,5,0,442,539,0,0,0,1,7,148,0,0,0
3881,4566,406,4859,6008,5906,4942,5692,6062,5096,4857,4689,1738,2283,2742,11,20,98,58,23,166,136,12,34,6,23,6,6,29,6,41,829,3770,2009,215,31,2391,2207,842,320,1491,4459,2787,3495,1470,108,19,5,1175,1140,12,842,2070,9,11,5,20,0,5,2,1,8,2,14,2461,786,33,1429,1965,159,0,63,214,1,0,6,3,0,6,97,196,38,2,0,319,9,196,45,0,74,206,0,0,1,0,0,0,1,2,0
6011,897,0,48,4479,4723,2603,2236,3909,4781,6456,4294,3680,1615,2218,1298,128,663,261,1,0,345,81,101,38,13,8,16,11,47,25,443,3016,3609,2313,2925,2564,3264,1727,196,840,109,2060,4739,2018,66,86,111,179,27,4,13,1670,2080,1,38,15,284,1,158,7,330,12,35,339,694,93,253,38,16,7,13,181,34,162,1,23,0,0,69,97,14,45,141,312,46,0,2,0,1,13,0,2,0,36,20,0,0,0,2
3410,978,3,278,4642,3222,2520,708,2715,5169,6456,4631,5302,2503,5783,853,107,1368,658,21,0,115,65,45,198,34,37,2,9,489,319,908,4534,4756,6361,6539,3512,1473,82,0,3,8,751,1413,130,13,16,236,412,4,8,10,847,1376,7,7,14,22,8,2,2,2,53,1,9,134,14,15,0,7,10,15,26,1,1,2,2,140,9,31,0,3,0,0,0,0,109,4,0,12,0,5,0,1,0,68,14,3,0,2
3581,4501,209,6556,8111,5684,7943,7159,2675,3345,5508,3977,333,857,2636,2672,2749,1469,537,1500,7,22,270,178,36,19,60,107,623,134,6,6,13,673,2350,2716,3045,4033,2806,140,4,12,11,11,0,8,8,15,13,0,223,4,410,11,532,136,286,3,16,14,34,4,160,4,0,23,0,4,77,9,232,0,14,0,0,1,0,92,0,187,3,3,0,121,907,23,273,3570,2391,620,0,3,91,0,0,0,0,0,0,1
2206,2207,2784,5773,9916,7036,10431,8979,1704,2172,81,1906,5011,5626,3874,4593,5724,3232,30,1770,515,4,13,17,16,59,5,53,429,1469,14,32,5,17,6,1100,1383,2194,3071,601,16,117,15,42,1,9,14,14,16,14,11,6,159,20,8,9,15,6,143,19,179,12,12,0,127,35,22,3,37,34,882,3,15,51,125,0,24,1,0,2,4,0,29,294,165,4,2892,3689,4614,1963,3,82,1518,387,1,1,13,158,28,16
4395,6917,4179,2936,6021,4122,6995,2400,3552,3169,9027,7699,5105,4611,3584,4434,6061,4630,24,1017,945,13,15,57,8,50,26,72,52,36,2,11,0,7,1,982,248,30,355,30,882,21,14,179,7,24,7,22,32,665,9,0,200,0,2,9,52,152,8,0,194,11,3,3,106,9,13,5,9,17,165,0,1135,1490,911,12,4,0,0,2,48,470,13,19,2,0,4033,2485,2918,1006,82,21,0,3,2,3,0,0,53,36
5980,6041,8760,9441,4457,4145,5368,4404,3029,4116,10716,8506,5183,6467,5046,2979,3455,3759,2703,183,423,8,21,0,33,8,43,102,414,162,15,1,56,11,429,5148,4039,3,1225,672,12,8,571,186,6,6,1,55,35,57,784,88,16,48,16,6,28,695,3,177,6,0,8,11,11,0,4,1,3,6,762,48,3227,3898,2778,167,21,134,10,25,241,176,0,3,0,229,2768,4633,4387,0,270,338,1,0,0,21,2,5,0,1
5570,6353,6466,5661,4256,7223,8162,2245,2914,4729,11986,4443,4630,4485,5228,2039,5195,5454,6391,223,1,2,14,51,16,28,58,8,192,119,52,34,103,3329,4055,4264,2493,71,1454,2118,42,3,21,6,0,0,5,0,8,1,0,17,13,143,20,1,5,19,157,189,22,6,12,13,2,11,6,0,49,11,9,106,2368,4363,1375,71,0,5,0,1,0,7,0,4,1,697,3918,3742,2286,0,66,544,4,12,27,4,1,0,0,0
5277,3281,2348,2346,2257,2316,5982,5119,3699,5175,9830,6592,5906,5767,5741,3402,1505,3012,1131,5,0,25,4,8,5,21,31,40,100,175,136,535,262,1754,1417,2959,5,44,54,31,36,15,30,13,12,10,4,3,4,0,30,3,11,916,2454,19,9,18,19,2,10,3,9,12,0,4,190,16,5,96,4,238,570,229,0,1,0,4,1,2,24,30,3,44,16,17,1371,65,275,67,4,0,1,4,1061,62,0,6,4,0
5957,5278,4768,5370,2114,2497,4831,7473,10073,10520,1562,1544,4365,5652,4856,4966,61,775,53,0,5,17,14,15,5,27,12,87,118,20,128,1021,1220,1304,973,1429,1007,20,236,145,386,11,8,136,4,1,4,3,3,89,3,0,15,3596,2350,3,9,23,23,5,3,9,19,14,1022,2,6,0,8,9,4,45,8,0,1,0,315,10,2,1,850,6,0,4,0,1,4,1,0,1,0,0,0,2,99,22,0,0,0,1
3714,3389,3244,4576,3298,1175,1969,4722,10282,9994,6656,6229,5755,5009,4491,4634,718,11,3,6,11,16,5,13,6,27,6,28,13,34,363,219,3827,5615,2273,4759,615,210,20,292,24,7,6,9,6,7,281,16,1,6,0,1,105,113,29,17,297,14,3,43,17,452,75,7,3,1,6,0,1,0,7,0,4,298,12,3,25,9,16,3143,3517,1265,10,41,101,4,25,4,75,857,0,0,3,16,2,7,2,3,0,1
4178,3859,4142,4632,8259,4763,2061,4269,4815,5111,6316,5056,5383,4041,4520,1769,128,19,145,79,130,9,8,356,1099,160,84,107,58,221,634,829,4792,3666,4466,5399,3597,3590,148,4,1,15,3,0,12,45,87,21,2,10,17,6,6,169,10,7,5,4,17,30,117,41,1,9,21,17,29,157,182,3,1,6,6,1,1,8,0,2,1,444,1015,460,0,22,174,0,0,1,177,428,0,3,0,3,0,6,165,8,0,0
1451,4338,5182,2006,2260,5075,4514,5881,2537,3586,4547,6861,5026,3055,2188,2128,2965,10,30,10,778,55,6,9,281,37,621,132,49,1909,66,3676,7006,5131,7333,5244,4423,4427,2475,1,5,5,6,7,22,168,16,388,11,2,8,3,1,9,18,7,1,5,0,4,295,0,0,17,8,11,10,0,3,0,192,424,1,3,2,213,0,0,12,8,344,2493,2274,53,25,0,124,18,0,7,17,0,3,1,0,4,2,5,0,1
300,3570,3627,3385,4121,4354,6027,4815,4057,4625,4889,4986,1417,3124,2853,4346,1675,493,94,7,681,9,15,10,72,57,11,1145,868,2958,1675,6328,6579,6187,5067,6264,4971,3138,1461,5,0,5,32,94,3,0,5,20,63,1,13,180,2,2,107,0,5,1,0,0,0,4,0,231,740,5,0,2,13,0,1,3,0,0,1,1,2,63,10,3,314,1494,660,28,12,13,3850,3274,434,36,0,0,132,2,0,0,7,196,0,2
2696,5784,4174,4573,2713,2333,4806,3411,4102,5271,5218,4105,4468,2631,1497,1495,1106,61,61,77,73,25,58,20,212,99,5,2509,4564,5214,6183,4719,4820,3266,10936,7839,6520,3847,929,0,29,1,246,758,48,12,134,294,33,24,6,45,3,7,39,5,387,175,1,0,0,0,0,33,34,3,3,5,3,0,5,1,0,69,0,10,7,30,1,3,44,2,0,89,4,603,5200,7659,1803,66,2,5,6,1,4,74,5,1,520,188
3148,4669,5370,5334,3382,4764,2986,3123,4545,2967,3626,4113,4500,4004,2751,1605,512,246,3,95,143,20,38,92,29,41,79,2532,3918,5329,2162,5211,6927,2837,6425,5104,2910,4261,2981,2,0,3,19,15,0,78,27,59,3,1,8,1670,362,227,46,154,2,0,53,1,1,1,11,1,5,10,7,2,204,49,0,0,0,34,3,0,0,0,14,3,7,367,6,48,13,1261,2930,6193,2315,1389,35,0,9,1,64,102,8,5,281,2963
2825,4332,5180,4612,4485,740,73,352,2472,295,990,2078,2565,375,2632,1542,176,2433,588,11,24,11,95,1663,1093,149,175,927,1792,3035,2151,2719,2263,5537,2388,2272,2882,5149,131,2299,448,17,30,43,11,26,27,0,275,416,120,4898,1304,7,28,1,134,0,0,15,0,3,0,3,10,0,10,5,354,40,30,37,2,4,163,3,0,1,4,1,4,9,170,3,6,1821,3012,3349,2762,1968,5,28,159,0,0,48,1045,0,7,84
1063,2215,656,133,71,66,190,545,3383,257,696,3445,657,1454,3046,161,2092,3477,832,31,71,0,472,2285,1331,128,142,897,785,1026,1391,2539,3523,5385,2127,2852,5338,1938,0,21,282,111,53,23,238,83,14,1639,551,1326,619,2233,832,567,68,5,213,18,0,28,11,8,15,4,30,213,5,6,6,3,0,11,0,13,166,7,52,1,0,3,228,831,74,526,10,8,280,2110,1574,2315,106,2,133,5,12,5,295,26,0,242
1443,49,125,41,87,43,42,274,1126,776,253,72,1273,94,15,356,3903,1670,89,30,44,17,57,26,98,49,158,50,20,2461,2641,1074,2206,2907,320,68,391,11,7,0,533,1885,22,0,12,6,159,944,317,5500,5383,5453,215,19,0,2,1,0,12,600,125,5,1,0,4,3,96,80,0,0,0,0,0,4,5,15,2,6,6,11,1253,32,2,1703,4,0,19,11,178,571,1197,0,0,9,2,113,21,8,1046,375
278,36,180,321,25,30,100,258,135,58,104,247,53,127,13,209,1585,743,87,59,68,37,182,29,52,20,10,254,39,14,324,131,60,160,281,0,0,88,1332,8,3,7,9,8,4,2,13,1820,4782,4532,1924,4226,3101,1686,0,0,0,3,4,7,8,8,17,0,6,5,3,1,0,0,1,1,0,0,1,53,21,0,0,0,7,14,13,0,6,217,216,28,509,4206,1187,0,1,30,5,70,101,12,27,2
1240,421,577,25,24,10,18,173,138,54,229,529,39,41,93,387,72,123,116,45,238,17,10,50,27,17,18,342,205,902,373,36,36,9,40,7,0,4,314,7,82,28,10,13,19,142,214,2367,2688,3495,1197,1322,2093,2462,570,16,2,5,14,4,2,17,30,0,8,22,36,446,0,5,64,50,20,0,0,116,26,8,288,2,23,1,13,2,0,14,15,50,190,254,1,1,5,22,0,245,79,1,31,2357
38,123,2833,52,88,20,28,132,68,46,60,102,20,6,206,1233,83,24,157,130,262,7,1,15,14,3,24,653,2063,4520,1737,25,224,120,15,56,508,2,23,41,626,331,9,25,19,28,72,181,1355,1536,210,23,0,9,3,2,4,0,825,817,6,2,79,557,17,9,3,193,68,40,146,0,0,0,0,10,201,53,28,348,440,26,5,0,0,144,233,23,32,45,4,791,1549,0,26,736,5,1,638,3675
16,17,35,146,319,18,18,49,83,81,269,45,8,29,3,100,119,109,584,17,7,17,36,71,43,7,0,27,3445,3895,1299,31,90,40,0,50,22,17,40,42,81,31,7,7,4,11,189,141,2072,74,0,0,12,0,15,162,487,1,78,29,1,7,283,703,7,0,4,43,123,87,306,66,0,26,246,16,2,2,13,20,114,162,34,0,4,33,437,335,26,0,26,1427,454,20,1501,373,25,999,1089,150
39,7,3,128,3,24,50,16,69,443,45,277,14,2,26,27,18,83,63,94,79,1,47,23,85,15,18,0,1754,1146,21,87,20,8,14,0,23,0,23,65,165,7,241,167,18,37,137,32,169,0,1,1077,4,10,813,174,339,9,4,12,0,0,23,14,7,0,424,113,7,39,5,672,6,6,2727,1669,16,3,1,17,3,54,3,8,0,29,9,44,719,24,4,9,8,390,3526,74,0,5,11,14
857,329,1,83,398,367,1217,408,34,40,19,18,64,18,17,43,27,13,14,80,157,35,178,30,45,0,20,16,285,206,42,35,7,26,7,22,413,34,8,81,54,15,44,15,54,0,4,0,6,15,18,209,0,6,164,9,2,5,12,0,24,12,22,3,10,14,27,1,0,3,14,439,0,4,340,164,14,5,58,307,0,6,1,0,3,36,10,3097,3312,3454,164,2,5,620,1236,2289,1324,9,167,191
60,16,2602,1727,1716,1962,6102,364,23,72,31,50,35,28,18,17,7,8,97,32,22,47,42,17,11,4,4,3,175,208,59,88,1366,2077,1501,11,7,85,6,33,321,92,24,297,5,0,46,13,5,5,12,15,16,7,13,7,34,88,3,34,211,8,7,0,14,15,422,151,9,6,13,2,0,3,6,288,8,1,16,44,7,0,0,6,5,3,675,5006,3246,6572,1270,9,3,0,6,3327,1394,0,22,78
17,798,3411,3110,3595,2017,1269,4109,1923,20,4,42,356,12,10,141,13,28,37,43,17,285,113,195,456,590,6,15,7,60,105,1110,4186,2568,208,1,2,31,36,8,15,8,7,36,92,43,2,4,3,37,2,212,152,0,4,7,3,21,4,4,0,63,2292,1242,20,0,73,1,6,72,0,0,0,4,17,334,7,8,3,6,1,263,108,17,12,0,1809,4547,4155,2154,1565,0,2,63,1377,3514,2691,1,2,26
14,1908,2404,3224,3156,2720,1712,4156,283,21,24,17,38,19,215,674,27,23,55,48,63,67,273,3,123,921,5,1138,3645,2018,3406,5215,5773,971,28,32,18,12,34,3,31,23,0,11,8,37,4,3,68,190,7,5,1,397,1136,15,13,109,191,6,1,7,137,14,0,2,4,14,4,0,6,15,371,99,25,63,18,555,1428,327,378,422,9,312,120,1,268,1125,4947,1005,305,3,156,128,4183,4221,4718,13,0,1
10,172,653,4148,1882,5257,1169,584,139,22,23,21,5,15,493,1552,73,39,82,160,39,8,28,12,7,308,712,2752,4125,3878,2416,4347,5570,644,1,82,56,14,18,1,583,653,27,17,9,157,0,11,6,3,27,1,6,88,63,9,626,44,264,2,48,47,10,2,0,5,86,0,13,42,59,112,203,57,184,1493,24,768,2069,524,362,263,8,4,14,8,65,0,419,291,23,563,2892,687,1136,3609,2826,85,141,43
62,102,1039,3519,3050,1728,238,479,52,18,0,5,7,1,234,21,10,4,96,608,68,23,35,14,13,915,116,2322,873,462,757,3336,5790,3783,1661,21,30,18,14,0,3,567,83,282,18,13,19,2,6,7,3,12,3,0,4,25,1378,3370,4,0,4,61,5,204,6,2,115,2,7,73,134,13,0,1243,3797,4493,1773,1073,2243,4877,4207,2419,6,7,222,1527,3,663,271,7,10,4,12,0,4,603,183,155,214,0
34,43,25,681,530,116,2660,2176,6,11,43,2,4,15,115,628,7,2,85,29,2,55,378,40,15,44,2084,1260,2,8,423,4179,4909,303,226,18,58,0,2,15,58,3,11,973,14,28,19,1,0,11,0,184,0,6,0,5,4700,1396,429,32,261,8,16,24,0,51,171,11,1,101,0,123,0,279,3240,5721,2123,3669,3328,4545,3538,3308,446,1,251,3057,182,10,6,0,1026,53,38,1,0,0,8,72,5,0
24,21,16,479,1863,136,161,793,9,13,1,22,50,0,27,44,36,17,1,86,92,2,58,10,3,6,150,19,11,14,9,1035,2073,93,2,25,2,119,12,27,4,2281,428,11,0,15,16,6,35,31,0,5,6,4,0,388,3530,2709,2202,2,7,9,1,28,6,1,6,14,2,20,1601,4504,2449,3780,1027,4617,5910,6582,4181,2773,3550,3619,0,0,2,106,7,9,0,6,1445,877,0,123,177,0,0,6,27,1
361,85,16,37,555,79,58,26,3,1,5,22,11,49,34,20,18,16,27,3,10,0,6,14,13,5,105,217,19,6,661,1045,13,11,20,30,4,85,9,0,4,2214,1502,12,8,31,613,1,1,5,0,1,7,151,266,112,2245,1826,108,10,0,2,2,0,6,8,2,6,2,219,1061,2636,3947,3502,4863,7274,9213,4078,2549,1989,1639,220,7,34,0,6,4,1,44,2,26,15,0,62,7,7,0,2,159,7
13,17,30,25,116,44,2,118,33,2,26,19,5,164,39,34,21,366,348,5,11,379,100,9,10,4,620,453,14,20,17,22,7,4,7,9,286,262,8,15,9,46,4,17,3,9,282,14,5,1,2,3,0,11,8,10,11,6,17,18,11,133,26,85,1011,4,15,3,299,839,179,1212,1558,2439,3610,4004,4541,2037,1966,9,25,14,1145,200,26,23,1,351,67,0,0,3,0,4,3,12,0,33,2,21
7,35,78,15,67,110,2,17,61,7,30,315,124,87,5,1,1,48,31,0,47,486,56,28,8,4,47,8,4,1,3,14,0,11,21,10,566,1039,15,109,1,85,0,2,0,0,12,1,8,5,3,14,40,6,2,197,103,414,108,3,0,2,1791,585,98,7,57,0,1,1011,69,10,1471,2788,1990,3976,31,13,2,34,343,230,16,3,0,54,33,58,6,6,811,4,1,3,1,0,0,4,589,1198
23,32,70,51,71,336,0,16,1145,1847,21,1,48,1,20,468,387,38,32,7,18,24,12,34,0,0,83,33,0,11,9,28,22,19,37,26,4,23,37,247,12,189,10,2,13,10,9,15,6,12,0,155,1,21,6,184,82,5,0,22,2,12,320,1,10,868,581,3,2,130,6,0,1878,2926,3492,2178,92,2,55,553,1,185,222,388,10,16,1,1,61,37,1099,6,2,2,12,6,47,22,5,11
107,904,21,7,21,68,1,9,1929,1822,212,9,109,0,5,8,169,10,20,30,8,46,37,25,8,320,9,41,6,27,150,4,29,26,0,0,1,0,775,955,6,20,3,0,0,2,7,0,345,139,13,17,8,1,2,2,0,4,2,316,3,10,1,142,18,64,6,1119,1261,0,28,127,85,1506,3395,3648,3294,109,2,0,3,4,6,320,10,9,122,0,0,1,0,0,0,0,176,367,156,7,55,440
44,487,15,31,2,9,3,48,280,82,1,1,12,8,15,14,0,27,1253,2588,747,79,87,380,4,30,91,203,28,0,107,207,9,67,7,85,4,6,29,10,1,0,2,4,0,0,7,97,6,4,1,5,8,33,3,10,11,2,0,4,0,0,3,9,79,8,22,137,133,4,6,325,0,34,426,3112,4346,1739,13,18,0,0,8,4,0,0,563,1,2,9,16,0,4,5,432,710,26,0,12,2
50,17,45,25,0,26,2,2,8,7,100,2,27,21,13,5,6,1028,3966,2476,2260,331,1196,32,0,5,10,2134,1068,19,177,176,26,267,166,604,2,10,11,4,0,0,10,8,0,0,11,46,8,2,13,0,1,128,3,0,1,3,0,2,2,104,5,0,11,7,56,2,2,13,5,2,16,736,181,713,2320,1,16,4,609,54,16,5,2,4,0,5,17,12,1,0,0,9,10,711,8,12,223,290
20,36,45,13,12,17,10,5,85,49,20,182,191,38,178,9,17,28,1394,3948,1571,2079,98,4,14,15,82,2041,112,9,146,26,6,5,3,0,162,9,0,112,38,1,2,9,2,3,2,6,13,2,15,5,8,5,0,0,0,107,29,1,12,64,17,267,1,0,457,251,59,47,410,89,99,0,6,2,2092,162,8,10,553,245,149,2,6,9,0,8,0,3,1,22,0,8,7,91,6,3,0,6
9,147,9,11,3,21,125,15,250,248,18,27,24,15,46,33,220,67,322,232,89,1807,20,8,140,23,30,3,38,22,25,27,1,3,6,0,197,4,29,0,7,42,15,7,58,4,0,85,350,1,10,1051,106,554,10,1,10,6,2,1,2,6,0,18,9,106,209,325,164,18,35,2,924,606,13,15,38,24,14,0,16,8,10,17,0,1,0,19,14,5,33,1138,53,2,1,10,0,8,285,213
8,13,26,7,11,28,72,22,26,1591,1639,13,38,10,439,87,128,68,19,324,9,0,11,13,4,216,4,6,12,6,40,8,36,15,33,1,8,386,179,313,0,470,222,4,3,9,6,9,162,3,4,63,11,1912,916,7,9,0,3,4,134,26,13,4,0,11,0,73,7,103,6,22,3,20,6,378,23,9,1,0,0,1,0,0,3,5,1,0,1382,181,8,0,68,154,840,165,30,1,21,16
6,24,341,20,2,84,242,656,13,988,391,16,30,35,499,348,48,18,9,14,57,3,0,11,50,10,7,1,3,1,128,15,26,1431,130,2,5,82,110,17,7,19,11,13,1,7,0,11,90,41,11,19,30,23,2,4,0,8,0,59,0,4,17,1,7,0,12,10,45,222,39,13,0,8,71,1585,260,0,2,4,10,19,11,4,3,18,14,12,3994,883,99,19,208,1,4,14,3,2,6,283
12,2,63,77,57,29,63,90,1,122,11,5,47,22,29,6,3,0,21,5,63,28,4,0,33,15,14,10,7,7,0,170,15,590,112,10,2,16,3,0,9,91,1,91,2,199,1,10,3,205,0,3,0,5,393,5,0,27,3,3,8,4,440,2,4,13,29,103,17,50,12,17,101,37,71,17,75,29,1194,482,3,8,14,3,124,49,181,14,18,22,22,8,3,4,4,5,0,7,31,260
2,36,32,2,385,815,12,24,449,25,54,0,1,74,6,61,27,28,24,4,66,51,3,0,5,6,171,53,10,14,10,31,9,12,1,1,1,5,6,2,58,57,3,143,7,95,1,0,29,50,13,5,1,7,10,2,18,267,7,0,0,96,11,2,1,27,791,534,36,1448,40,0,127,90,160,5,300,5,74,56,35,0,15,79,0,8,4,5,518,40,2,5,0,8,6,0,1,12,119,0
42,18,18,18,62,418,29,41,21,19,8,2,13,9,24,338,9,1,3,24,9,64,37,286,0,0,441,377,15,70,67,0,9,2,0,0,38,162,41,14,5,0,2,5,6,4,8,1,0,425,22,10,7,1,0,3,25,15,0,15,10,47,4,6,138,10,0,18,1868,2349,0,0,1,0,19,33,14,3,14,91,20,1,0,421,16,1,16,100,10,2,16,0,0,11,4,5,4,13,132,12
8,26,3,341,268,20,24,245,336,13,12,1,30,25,1,7,10,1098,266,3,13,6,0,53,26,0,3,14,30,215,1,7,14,2,18,5,25,90,184,3,17,223,1,224,241,16,11,14,2,13,11,5,2,40,105,30,3,1,26,5,48,0,1,0,3,10,9,16,902,2356,40,12,0,0,6,6,2,3,22,332,787,6,29,30,2,84,12,0,1,3,1,0,3,40,34,115,9,22,11,21
2,34,37,45,40,577,159,790,214,71,9,58,148,368,27,25,73,346,32,2,43,7,6,12,468,19,12,8,52,0,8,57,0,3,2,3,18,9,13,0,2,6,8,0,6,1,614,38,36,353,2,10,0,2,274,11,1,0,62,119,67,5,2,12,221,102,1,2,15,34,0,4,0,60,88,82,4,0,8,153,789,0,31,2,81,14,22,12,436,481,55,0,1,18,2,33,0,0,6,67
207,290,21,254,256,554,111,71,12,563,302,33,8,17,6,3,19,2,10,22,0,0,1,2,25,115,210,0,0,3,9,226,6,22,47,1,29,35,12,132,7,2,207,1,6,397,3,34,32,74,26,0,4,38,8,348,9,0,0,0,0,23,229,22,14,5,7,3,9,10,147,359,449,4,0,14,7,0,3,35,10,8,0,4,3,8,8,124,17,4,30,0,52,5,7,5,12,13,2,29
109,45,10,2382,1432,41,170,129,452,76,15,952,114,13,20,52,398,9,9,7,13,26,1,14,96,21,11,11,52,72,67,0,8,137,113,1,7,1,5,157,1,61,0,0,0,191,19,0,13,20,5,19,37,108,0,3,13,2,114,162,15,0,1,0,0,4,447,638,33,188,0,10,6,17,42,23,1263,8,23,632,345,2,3,0,37,1050,1404,270,21,0,5,18,521,39,35,12,54,0,2,16
5,41,1860,2114,5159,659,994,1087,21,423,4,485,15,6,8,642,497,18,1,4,179,437,12,23,131,472,19,4,2,4,1,0,5,671,21,8,7,1,4,6,2,265,1,260,2,13,0,2,9,595,14,4,12,3,3,13,0,0,489,24,2,3,20,12,10,11,900,151,6,316,2,0,4,1,26,863,227,3,14,10,6,5,22,84,2,1256,3864,3743,2232,11,4,10,36,93,45,119,626,16,63,260
1,23,635,3367,3845,161,121,330,18,18,16,5,2,7,8,18,6,44,7,13,0,2,8,88,1,0,84,10,0,15,13,3,12,2,5,5,72,294,11,4,16,10,4,1875,3080,775,0,5,0,493,565,19,0,187,95,608,9,18,4,27,20,5,23,27,4,8,14,2,0,1,6,1,0,14,11,174,126,6,80,398,0,423,261,123,488,1283,1519,1312,75,4,10,4,0,256,712,1279,1266,13,16,565
0,4,0,1132,174,27,554,66,27,5,12,20,180,42,8,6,2,33,0,5,9,8,4,1,32,1018,127,2,0,13,6,5,9,2,9,25,7,4,63,119,2,309,193,2825,5445,362,4557,254,72,535,1981,48,17,4,3,11,14,0,0,10,16,47,372,244,9,1,0,0,0,0,7,11,5,1,0,16,0,841,375,15,532,1367,1626,3483,3487,3305,2839,1110,303,6,93,110,0,3,56,786,32,25,21,3161
2,19,151,23,1,0,59,103,7,22,10,26,145,3,23,28,4,26,274,32,8,5,6,3,4,3054,5,5,27,13,95,3,51,0,9,236,3,45,422,11,3,19,0,3077,5928,3887,3784,147,146,1,7,7,6,0,2,1,84,3,42,3,0,52,11,26,2,6,16,3,0,1,29,85,0,0,24,500,1634,718,1659,2959,1889,5671,1709,4284,1274,2716,3509,701,0,221,4,3,12,6,5,2,0,1,13,129
9,12,23,1,35,19,26,20,31,50,763,26,7,15,369,697,387,34,32,20,21,14,13,24,17,794,53,25,1,1,272,533,2,7,4,3,4,2,1,0,13,155,139,171,2690,2872,2484,0,2,1,0,20,0,336,10,7,23,1,4,10,146,56,2,20,0,0,5,3,13,32,25,15,0,0,240,217,1437,16,333,1449,1802,1775,577,3670,3923,3349,986,719,1273,3650,1343,0,0,136,8,0,17,5,432,378
20,154,671,0,186,2,37,561,254,398,346,2,7,3,289,334,4,4,20,9,7,52,338,2,4,11,74,0,3,0,11,24,5,13,0,95,16,5,24,31,4,8,263,14,70,1459,1399,0,0,6,6,9,2,2,13,11,4,672,2746,34,5,15,13,6,17,1,152,0,8,1,9,21,10,31,5,9,2,9,29,60,33,946,4197,506,1405,2849,5853,1235,2434,4251,19,0,4,30,30,9,277,4,232,268
18,6,0,0,25,7,7,9,112,990,731,2,0,4,0,66,31,4,167,3,8,6,23,7,9,0,88,5,7,36,36,4,2,1,55,708,37,200,64,242,90,6,10,48,160,124,1528,13,23,41,7,15,1,1,18,45,11,2679,4134,1315,75,32,0,0,13,5,23,646,10,46,381,50,118,24,0,4,11,19,1,19,35,748,3643,2534,705,4982,3124,1154,634,2911,992,285,78,73,0,2,1,3,16,1
22,228,3,65,43,17,1,24,13,50,0,8,15,1,0,10,96,2,47,7,3,19,3,29,115,0,6,2,25,306,6,3,5,4,21,22,12,4,12,3,2,109,104,1105,1,16,0,1114,2,925,1049,7,364,46,1,76,26,8,1372,133,16,9,106,9,73,10,33,0,13,18,6,7,0,0,2,47,23,123,0,3,84,2308,2317,3041,1804,842,3555,4247,405,3754,3662,221,1847,280,278,63,17,266,2,14
15,113,0,8,15,2,2,136,12,5,6,5,3,15,8,3,773,97,135,124,93,3,6,73,10,3,69,5,0,2,13,2,2,5,17,4,17,22,12,3,0,12,1484,402,54,114,398,898,43,12,4,2,98,2,1,15,24,1,162,0,0,45,274,14,2,6,14,0,157,80,974,20,13,11,10,48,16,28,4,1,6,1010,1713,3932,3954,3258,1666,153,186,1573,1145,119,1638,968,589,134,22,100,26,4
1,0,0,12,10,10,109,40,17,6,12,1,0,6,10,8,331,8,6,0,10,4,10,3,145,30,6,8,5,1,13,247,61,10,24,17,2,3,6,3,131,457,66,166,2,15,254,14,18,23,16,0,2,1,13,1,1,2,330,3,81,16,23,0,15,91,1,28,56,2335,2191,5,3,3,19,1,9,92,236,18,297,1200,4087,2257,3801,5259,2410,1057,1054,281,516,12,264,2,7,0,6,1,9,1
357,21,13,23,16,12,1,0,1,91,9,0,1,1,12,5,6,1,38,5,40,8,24,0,0,2,0,7,160,3,0,0,9,3,33,1448,211,8,120,59,240,18,0,49,13,6,6,22,2,1,0,592,4,31,602,144,40,4,18,6,119,23,35,130,20,163,12,31,153,3110,3186,16,19,56,460,15,9,19,61,0,120,41,500,1838,2669,4546,2066,4076,1219,1,1,0,0,9,520,63,11,31,77,117
80,18,15,179,143,4,40,12,0,0,3,2,28,7,8,0,11,203,24,3,1947,797,5,15,1,79,0,0,256,248,8,1,7,10,4,224,14,6,4,13,0,11,13,457,4,7,39,8,2,23,14,0,5,1,1,151,8,36,10,0,9,0,1,248,49,846,7,69,52,494,220,0,5,34,20,10,22,47,17,58,15,5,5,1,2181,964,7,4358,473,16,211,189,1,9,247,57,0,0,101,107
53,18,11,3,33,81,28,2,15,2,1,2,0,0,8,13,38,9,9,1,694,23,19,18,35,2,16,1,11,44,3,8,428,6,10,11,14,107,0,6,10,2,3,4,270,9,1489,51,113,107,0,128,203,2,0,21,22,8,51,33,7,0,7,13,17,9,2,307,319,28,14,2,21,9,3,0,72,568,27,52,9,43,1,23,1469,20,21,2247,439,13,8,9,0,2,0,2,2,8,0,23
255,128,207,31,28,4,0,17,44,2,1,7,0,0,7,1,1,31,0,6,8,0,4,10,16,74,117,7,2,9,0,12,24,3,12,1,8,8,11,2,1,2,10,1,0,3,3,11,5,0,1,0,14,7,6,22,0,0,1,0,3,0,62,39,22,40,35,35,19,0,1,415,354,330,1,6,17,238,32,224,0,11,2,5,258,6,21,10,41,13,666,14,3,24,6,7,4,123,0,6
1,14,808,73,3,9,8,0,51,16,6,2,0,0,12,1,6,285,131,4,13,0,79,1,46,19,8,1,10,2,7,0,12,11,0,10,3,2,15,90,0,4,4,37,12,2,14,71,4,11,15,31,621,16,7,1,4,32,34,237,211,9,8,34,32,167,19,20,66,6,3,3,9,20,1,30,18,9,44,0,10,127,8,0,22,11,4,118,678,6,79,65,19,25,1,14,0,11,4,15
22,821,2236,24,4,4,5,15,39,116,0,0,1,2,14,110,20,4,0,37,8,2,18,10,1,4,0,0,119,46,3,382,29,32,0,11,8,18,88,16,1,43,32,23,0,389,54,96,15,210,36,0,72,63,10,0,137,0,4,5,322,3,5,7,13,12,6,7,51,0,9,3,0,1,57,44,523,1739,9,33,0,370,34,152,424,4,0,9,28,13,19,3,1001,13,7,5,11,1,12,44
2,192,0,33,4,0,9,4,6,4,11,0,3,1,1,0,10,3,4,17,311,6,4,9,41,0,4,27,79,22,25,2168,353,36,18,31,0,10,9,3,9,24,5,4,0,4,14,86,6,0,38,7,3,217,433,6,6,3,21,13,0,19,4,18,19,1,6,7,0,444,592,22,26,45,8,14,1412,707,0,110,239,6,32,11,78,1,11,64,255,20,21,457,1175,10,11,4,77,12,15,2
32,9,16,4,3,2,0,0,0,45,1,2,3,8,2,13,2,41,122,188,9,11,85,22,35,8,72,109,0,198,1480,2147,2,6,8,4,13,5,2,1,0,30,70,310,4,4,22,273,0,185,24,101,5,4,3,0,13,3,14,16,246,25,0,0,0,9,492,25,6,858,247,6,7,23,2,15,10,3,4,10,18,0,0,27,413,281,7,6,149,3,8,405,2499,216,7,3,23,705,56,347
0,3,1,0,3,0,0,2,8,42,3,1,12,9,0,1,5,209,81,1700,73,15,169,89,28,0,11,65,7,15,0,13,10,1,6,1,2,51,29,0,25,16,44,1157,86,24,11,612,48,137,191,657,0,1,0,156,68,0,720,580,76,5,0,0,107,16,12,12,2,13,10,15,28,204,4,1,304,73,9,8,53,0,2,3,2,907,9,5,35,294,4914,3527,5577,5603,156,228,3,0,6,0
3,0,0,20,0,11,1,7,10,203,22,11,26,4,18,11,1,3,66,2,14,16,7,4,0,196,77,53,296,5,5,23,2,5,0,45,6,619,178,5,9,10,0,0,5,16,0,4,257,126,79,10,15,17,2,1,12,804,3236,288,0,0,2,0,8,8,33,179,902,36,0,1,10,120,2,2,136,16,8,9,14,1,63,31,5,30,4,17,23,122,1387,2367,2736,5212,65,9,390,272,110,1
2,1,0,0,5,2,20,3,9,11,16,198,56,0,2,99,9,4,8,6,0,4,5,2,0,324,65,6,106,17,1,0,3,0,1,0,0,31,8,52,15,2,12,0,1,12,1,23,14,7,16,0,64,226,7,3,1034,4677,5067,3510,2,8,2,5,450,193,4,0,137,2,9,0,0,7,3,1,2,55,9,0,0,20,1,2,10,25,2,135,1139,43,6,3,290,731,6,16,218,3,0,14
12,3,14,173,41,14,36,3,0,5,7,0,6,6,13,5,169,36,6,22,4,94,3,2,472,72,30,9,29,5,0,0,470,128,55,32,8,3,4,8,32,27,9,10,0,0,0,2,1,19,14,0,5,0,8,15,1185,2807,3669,1593,943,234,0,7,260,19,3,197,536,8,3,1,0,15,33,6,38,596,4,2,27,6,0,182,119,1,5,43,1241,27,9,17,3,87,150,19,7,96,0,20
11,38,0,69,18,3,15,0,13,12,9,7,8,8,11,9,1180,336,29,40,0,12,0,0,40,2,0,26,11,1,5,9,156,35,94,48,11,2,0,24,7,0,59,0,6,3,2,34,65,9,0,0,4,1,3,424,323,4,356,3124,3,10,0,27,2,0,0,162,280,0,15,3,7,13,4,10,2,0,400,464,8,19,0,5,18,3,0,9,1,4,64,19,3,75,19,0,256,211,664,264
7,93,13,5,0,12,0,44,0,0,49,17,12,2,1,88,821,704,3,28,398,62,124,20,14,13,6,106,7,12,23,3,8,0,0,38,83,2,10,0,1,0,5,167,27,0,6,193,607,77,64,21,0,14,8,37,3,25,276,27,28,17,26,2,2,0,0,181,416,7,13,4,8,7,684,28,8,32,9,54,421,16,3,8,199,0,17,15,0,1,33,8,2,369,23,224,394,1642,56,116
62,189,419,4,2,16,2,5,6,1,11,0,120,22,1,11,17,202,28,210,611,56,1,52,1,26,42,0,8,7,1,41,0,9,10,998,1213,6,0,0,9,5,24,215,106,1,1,4,23,524,215,0,0,15,0,69,345,3,19,10,1824,79,227,12,4,6,0,8,59,34,2,3,4,35,413,8,7,3,0,1,246,0,0,4,76,48,880,230,64,34,141,3,65,2,0,80,95,1491,30,50
11,60,10,280,43,0,0,41,19,1,9,1,0,1,5,5,25,7,1,0,4,2,1,108,50,4,1251,382,99,301,248,10,11,1,2,24,456,3,1,12,0,0,4,4,3,7,9,13,59,0,36,0,42,407,10,0,0,0,1,7,15,6,1,9,3,1,1,3,35,67,28,6,8,3,1,7,5,17,2,1,40,276,24,13,4,13,175,114,0,0,3,2,95,4,57,111,0,28,0,2
1,16,5,1,0,11,11,32,16,0,46,0,5,0,0,6,92,15,1,297,53,2,0,0,8,39,263,478,225,8,0,6,2,0,2,3,5,48,30,1426,0,3,2,0,773,149,13,139,8,122,565,12,5,29,2,4,0,406,0,0,212,607,725,88,172,92,276,4,9,12,0,192,119,11,627,5,13,13,0,0,9,25,3,0,40,32,1,28,22,20,0,569,1079,20,6,64,2,90,27,9
0,0,3,11,32,15,72,9,0,2,4,9,1,6,15,0,4,0,0,7,1,0,0,3,0,10,2,51,3,2,11,0,0,0,5,286,411,10,6,60,152,345,0,1,1320,883,34,84,155,1,0,16,92,3,10,10,68,89,1,0,23,77,76,27,43,14,4,11,21,0,0,32,93,44,1122,6,7,13,0,1,0,21,186,0,64,71,20,3,10,3,9,2,57,604,797,32,0,8,33,442
0,5,26,315,31,0,0,0,2,43,10,50,11,69,3,7,68,6,0,0,0,0,1,9,5,2,8,0,3,8,19,489,319,4,35,291,7,26,10,8,35,192,38,4,157,195,28,87,40,12,101,5,5,5,1,47,340,20,166,7,11,1,0,3,3,16,12,23,35,3,5,4,2,7,0,4,27,6,23,663,1898,2729,2846,959,461,0,0,1,3,481,155,46,15,1950,82,0,0,22,12,8
0,10,0,1,1,0,0,0,8,0,39,1604,0,8,7,8,68,100,0,1,1,0,1,3,0,2,0,2,23,6,3,67,14,8,22,18,0,10,18,161,44,1286,347,48,338,155,9,556,3099,2210,35,4,483,0,2,93,1,0,1,4,6,0,39,0,23,428,10,10,113,5,187,0,7,1,84,17,8,6,7,2313,2941,5153,5073,1784,79,0,0,4,72,20,315,150,514,76,17,0,15,1,161,8
57,0,8,7,1,11,0,70,19,7,15,4,40,1,0,8,5,3,0,72,73,26,0,86,0,70,16,6,25,0,45,53,7,0,25,163,10,128,374,44,352,1057,113,4,1,0,82,610,1807,3761,1428,11,150,10,54,0,0,0,2,2,15,14,20,4,3,603,9,33,2,3,32,2,15,2,6,9,6,4,9,1390,5501,3956,3609,4463,1563,41,1,46,23,4,214,11,128,69,25,0,55,10,95,260
1,0,6,0,5,90,3,4,11,5,5,1,5,0,6,1,3,0,5,13,74,16,0,0,72,729,41,12,41,7,67,0,5,44,63,687,16,15,852,323,9,820,140,7,1,0,2,1747,381,2299,77,12,1,44,39,16,5,1,28,251,142,9,16,330,198,0,19,0,8,0,3,1,44,42,4,0,6,526,1231,228,1431,5037,5678,4133,2090,108,103,1172,1373,82,13,122,3376,820,129,73,616,35,19,154
3,32,14,20,13,277,90,16,56,3,3,0,9,4,7,0,0,0,0,2,0,2,8,4,104,611,15,18,44,19,8,86,48,23,47,992,297,219,0,1,7,12,18,4,2,51,17,117,23,9,5,0,0,27,2,4,249,7,3,0,0,0,0,319,121,3,7,6,213,31,24,12,45,321,66,21,70,259,99,142,16,3942,1972,1727,696,464,234,49,557,696,68,3057,3495,511,39,10,37,7,7,19
21,25,6,1,3,93,134,8,48,16,2,0,0,1,12,136,0,1,0,1,0,7,30,12,38,7,5,21,1,12,167,915,54,482,1797,4442,3732,1339,7,11,44,3,3,80,6,654,1,7,49,850,3259,85,4,24,44,29,186,38,6,8,0,0,1,3,4,7,6,17,35,0,0,428,77,139,40,72,288,2,3,2,229,9,68,1059,804,1234,60,178,148,10,24,280,45,582,154,194,48,8,0,7
210,136,89,26,0,2,11,0,28,2,4,10,0,11,0,49,0,8,7,0,7,1,16,24,298,9,4,2,8,3,20,146,11,1421,5474,2903,2839,51,33,13,3,10,1518,2848,13,0,0,23,690,1361,4795,821,518,10,13,0,13,234,52,0,0,12,5,22,9,0,10,13,282,794,63,7,0,40,917,1,1,150,8,6,1,54,51,95,0,157,894,213,148,15,30,59,16,203,56,11,637,806,172,0
57,10,107,15,28,13,4,3,13,48,2,0,1,1,6,5,6,0,0,12,1,3,0,24,101,10,170,1091,2435,135,46,0,100,281,1338,701,22,21,32,157,2,4,21,62,46,3,12,79,4,0,4216,1179,1694,2298,263,939,59,11,35,0,0,13,0,167,316,0,12,4,55,1186,0,0,2,2074,1320,2,13,1,2,4,30,33,5,59,75,100,2620,2220,373,15,46,36,9,3,260,81,223,3094,3425,829
0,49,58,2,2,1,0,2,0,4,87,1,84,0,0,0,12,0,4,0,0,3,7,14,0,10,1,2240,3492,84,539,0,23,6,14,1111,88,2,2,0,3,0,0,5,285,34,0,0,0,31,5165,2618,3364,3715,2976,6441,2436,3,482,8,36,0,13,11,333,299,245,21,4,5,24,70,0,17,47,30,0,0,2,28,13,38,206,60,326,80,687,437,17,17,141,157,193,68,69,30,11,1129,3723,4811
32,25,26,5,23,0,3,4,0,5,96,226,54,5,1,5,26,1,1,5,2,0,4,0,0,3,7,2772,3530,0,65,0,32,6,14,6,14,55,15,12,5,314,19,0,43,182,53,670,792,1641,5260,8087,2468,3330,4915,3806,394,0,16,184,240,1,130,6,39,7,202,1,0,30,1916,2015,8,7,105,12,5,32,6,58,28,289,190,106,26,3,18,12,10,1,20,29,89,129,94,28,44,12,59,92
11,109,49,9,6,0,0,81,28,11,8,9,0,8,140,158,0,1,13,160,33,7,4,0,0,9,6,259,22,1,3,5,25,0,4,7,1,10,13,10,58,505,3,0,19,28,4,1703,2994,692,707,4146,6991,6902,1481,4007,37,305,871,1973,1261,40,0,70,238,72,0,7,17,361,2227,4584,164,328,4,0,53,19,405,36,44,183,94,0,10,15,137,54,45,66,69,12,11,63,166,52,31,284,2,8
14,457,176,11,10,24,1,40,0,0,8,4,1,4,505,25,9,6,1,5,30,2,3,312,29,129,41,401,160,9,2,5,16,0,0,9,5,5,42,223,10,4,18,106,0,184,633,778,200,170,139,2456,3228,5370,5262,3124,43,882,86,28,0,7,5,10,93,128,25,17,0,161,18,60,6,64,5,2,27,12,242,411,924,987,136,12,16,19,0,32,26,31,297,65,57,50,144,143,87,171,33,241
17,2113,332,15,0,1,14,7,11,4,8,4,10,6,57,5,8,0,0,204,53,0,12,60,10,32,6,0,63,4,4,1941,276,119,410,3,0,5,333,491,149,7,77,6,55,111,512,13,32,27,71,456,1534,5879,5099,2555,132,17,62,140,127,0,153,13,122,116,8,4,0,7,8,7,0,17,0,13,26,189,23,163,2499,2084,32,6,8,27,51,12,36,20,12,349,87,335,420,2554,930,333,219,52
0,267,2064,1438,108,2,140,285,46,2,32,1,30,0,0,0,6,16,2,8,2,8,0,2,256,61,4,1,153,0,33,208,39,60,521,117,0,3,5,231,17,35,97,0,43,2,86,108,233,167,113,593,1460,2707,2532,6596,1723,1093,296,208,5,2,153,355,4,6,3,4,101,7,0,5,15,101,26,0,194,200,72,190,1124,20,11,8,16,7,24,10,78,19,95,303,51,36,777,4661,5594,819,530,19
323,1098,4451,2714,7,2,82,71,103,37,132,1,8,1,292,1356,370,0,0,1,13,4,45,0,0,8,3,13,671,20,0,6,5,8,0,0,0,7,2,5,11,23,10,63,611,59,82,1214,99,217,160,101,1879,527,172,555,0,12,157,15,1,91,154,154,189,4,2,6,542,16,9,0,99,128,94,1328,41,12,49,51,62,58,31,20,63,25,423,519,671,945,309,228,74,16,28,1266,1357,89,171,40
21,2067,1157,1058,183,3,21,6,4,155,66,179,167,16,358,769,25,14,9,41,14,1319,7,3,6,5,37,15,2,3,0,0,7,0,0,7,0,0,8,0,3,1,9,106,25,25,214,1026,223,273,66,51,417,20,0,6,140,0,33,13,1,144,91,21,24,7,0,4,3,0,48,13,11,0,1226,2811,48,1,15,21,12,497,505,75,104,59,286,3857,169,297,19,23,21,414,3,170,2329,301,10,4
