4,32,38,38,18,225,36,6,4,24,4,632,5,0,0,0,0,0,0,0,0,0,0,0,0,0,0,0,0,0,0,0,0,0,0,0,0,0,0,0,0,0,0,0,0,0,0,0,0,350,5254,4113,38,1325,1238,138,21,263,3236,385,33,232,512,3,121,66,1912,3303,65,1188,80,14,4,75,1395,137,678,2171,224,13,0,0,0,0,1,0,0,785,2,0,0,5,836,468,0,0,0,0,0,641
1,142,77,7,12,129,153,102,82,11,5,93,0,0,0,0,0,0,0,0,0,0,0,0,0,0,0,0,0,0,0,0,0,0,0,0,0,0,0,0,0,0,0,0,0,0,0,0,0,0,331,1492,0,1,112,549,671,3248,3786,2471,774,875,948,4,1219,2753,3635,1469,701,812,2309,13,296,1711,4086,1928,729,755,9,0,0,0,0,0,10,0,0,305,0,0,0,144,129,2329,1528,10,0,1602,0,2
14,47,0,0,0,4,110,358,15,1,0,1,0,0,1,0,0,0,0,0,0,0,0,0,0,0,0,0,0,0,0,0,0,0,0,0,0,0,0,0,0,0,0,0,0,0,0,0,0,0,43,0,0,0,0,0,327,849,986,1232,222,22,37,1167,640,3173,3494,803,1069,1861,2537,1058,4050,1324,937,3605,1251,14,0,0,0,0,5,0,4,0,105,0,0,0,0,0,0,0,952,1842,27,562,897,1720
0,0,0,0,0,0,0,0,0,0,0,0,0,3,28,0,0,0,0,0,0,0,0,0,0,0,0,0,0,0,0,0,0,0,0,0,0,0,0,0,0,0,0,0,0,0,0,0,0,0,0,0,0,0,0,11,37,71,2662,1063,17,535,2045,4830,3137,3156,2024,36,2536,2788,483,727,1891,1,2086,4055,3510,1724,2,200,263,0,0,0,58,237,300,53,218,1104,0,0,0,0,283,2510,2829,153,0,1272
0,0,0,0,0,0,0,0,0,0,0,0,0,0,0,0,0,0,0,0,0,0,0,0,0,0,0,0,0,0,0,0,0,0,0,0,0,0,0,0,0,0,0,0,0,0,0,0,0,0,0,0,621,412,1365,384,62,10,449,1705,1977,725,766,3741,4657,6113,623,2111,1015,49,4,222,13,871,3282,53,897,99,226,94,4,1,115,210,85,57,1439,172,0,0,0,4,0,0,799,9,1838,2137,1535,78
0,0,0,0,0,0,0,0,0,0,0,0,0,0,0,0,0,0,0,0,0,0,0,0,0,0,0,0,0,0,0,0,0,0,0,0,0,0,0,0,0,0,0,0,0,0,0,0,0,0,0,88,281,169,55,63,755,598,273,224,2,222,1094,3820,3596,5501,305,465,99,0,2,181,2,1525,1908,8,7,6,68,348,21,0,0,0,0,2761,400,0,0,3,0,9,0,2,0,0,258,2179,542,1625
0,0,0,0,0,0,0,0,0,0,0,0,0,0,0,0,0,0,0,0,0,0,0,0,0,0,0,0,0,0,0,0,0,0,0,0,0,0,0,0,0,0,4,79,123,35,71,0,0,0,30,49,89,22,15,33,66,48,861,3013,3835,3202,3524,4525,6134,4130,3395,2593,709,72,41,225,3,63,1774,638,1,5,58,321,3,0,0,0,33,1757,0,0,1,250,688,0,0,439,0,0,0,832,689,2026
0,0,0,0,0,0,0,0,0,0,0,0,0,0,0,0,0,0,0,0,0,0,0,0,0,0,0,0,0,0,0,0,0,0,0,0,0,0,0,0,0,6,48,1,11,3,11,11,25,165,24,5,0,1,5,10,7,1,820,1083,540,3207,2791,6905,7519,2358,2026,34,0,71,5,0,0,0,660,2471,13,1911,2320,11,4,742,0,3,832,1020,0,1,0,4,996,0,4,1835,2,0,15,566,1894,3997
0,0,0,0,0,0,0,0,0,0,0,0,0,0,0,0,0,0,0,0,0,0,0,0,0,0,0,0,0,0,0,0,0,0,0,0,0,0,0,0,0,6,294,26,29,8,81,33,62,84,29,34,6,14,12,4,0,0,61,5,2,1052,380,9,0,0,0,0,0,0,0,0,0,1205,2252,883,0,498,414,10,24,120,0,5,889,2454,709,11,2,0,1858,0,11,738,0,0,0,0,4,2615
0,0,0,0,0,0,0,0,0,0,0,0,0,0,0,0,0,0,0,0,0,0,0,0,0,0,0,0,0,0,0,0,0,0,0,0,0,0,0,0,0,0,16,13,4,19,43,145,26,4,0,0,0,0,15,13,49,5,2,1,1303,1389,14,0,0,0,0,0,0,0,0,0,0,1811,4872,2610,2464,1292,0,1,8,1,0,25,552,2842,2971,5,0,0,478,0,27,1607,0,0,0,0,177,12
0,0,0,0,0,0,0,0,0,0,0,0,0,0,0,0,0,0,0,0,0,0,0,0,0,0,0,0,0,0,0,0,0,0,0,0,0,0,0,0,0,0,4,0,0,23,34,68,184,15,0,13,21,5,152,47,86,628,550,147,2699,1785,0,0,0,0,0,0,0,0,0,0,0,0,1617,3460,1057,3062,405,2,2,0,0,0,11,164,1832,95,12,0,328,6,0,793,0,0,0,971,734,1
0,0,0,0,0,0,0,0,0,0,0,0,0,0,0,0,0,0,0,0,0,0,0,0,0,0,0,0,0,0,0,0,0,0,0,0,0,0,0,0,0,46,24,0,1,3,86,8,4,4,18,40,90,102,179,1085,75,380,1385,687,2860,1721,0,0,0,0,0,0,0,0,0,0,0,0,0,223,0,1822,492,0,0,0,0,0,37,48,863,214,42,4,4,45,4,374,7,7,27,610,1882,736
0,0,0,0,0,0,0,0,0,0,0,0,0,0,0,0,0,0,0,0,0,0,0,0,0,0,0,0,0,0,0,0,0,0,0,0,0,0,0,0,0,25,122,34,8,2,132,18,7,24,1,0,0,0,61,624,32,29,173,292,1237,2274,827,0,0,0,0,0,0,0,0,0,0,0,0,0,2,148,2297,10,2,0,0,0,3,0,16,12,15,778,692,558,206,207,260,79,4,23,56,576
0,0,0,0,0,0,0,0,0,0,0,0,0,0,0,0,0,0,0,0,0,0,0,0,0,0,0,0,0,0,0,0,0,0,0,0,0,0,0,0,0,0,1,0,6,3,20,10,21,146,8,0,0,0,0,2,3,0,0,0,0,0,0,0,0,0,0,0,0,0,0,0,0,0,0,0,1,75,84,79,6,0,1,0,0,0,0,0,18,261,606,155,2,345,2,0,5,1,1,1
0,0,0,0,0,0,0,0,0,0,0,0,0,0,0,0,0,0,0,0,0,0,0,0,0,0,0,0,0,0,0,0,0,0,0,0,0,0,0,0,0,0,0,0,0,0,221,161,12,15,0,0,0,0,0,0,0,0,0,0,0,0,0,0,0,0,0,0,0,0,0,0,0,0,0,0,0,0,0,2,19,10,8,15,14,1,0,4,207,151,159,15,46,6,4,5,4,0,1,0
0,0,0,0,0,0,0,0,0,0,0,0,0,0,0,0,0,0,0,0,0,0,0,0,0,0,0,0,0,0,0,0,0,0,0,0,0,0,0,0,0,0,0,0,0,0,4,0,0,0,0,0,0,0,0,0,0,0,0,0,0,0,0,0,0,0,0,0,0,0,0,0,0,0,0,0,0,0,0,1,178,140,1038,33,18,4,25,24,166,1921,1379,1265,8,45,484,17,65,19,6,21
0,0,0,0,0,0,0,0,0,0,0,0,0,0,0,0,0,0,0,0,0,0,0,0,0,0,0,0,0,0,0,0,0,0,0,0,0,0,0,0,0,0,0,0,0,0,0,0,0,0,0,0,0,0,0,0,0,0,0,0,0,0,0,0,0,0,0,0,0,0,0,0,0,0,0,0,0,0,0,0,21,4,44,1181,277,46,41,0,37,1978,3669,180,5,49,209,7,28,17,1249,1817
0,0,0,0,0,0,0,0,0,0,0,0,0,0,0,0,0,0,0,0,0,0,0,0,0,0,0,0,0,0,0,0,0,0,0,0,0,0,0,0,0,0,0,0,0,0,0,0,0,0,0,0,0,0,0,0,0,0,0,0,0,0,0,0,0,0,0,0,0,0,0,0,0,0,0,0,0,0,0,1,0,1102,2809,3147,366,953,373,42,27,1436,598,1424,105,33,300,1018,1523,353,158,2110
0,0,0,0,0,0,0,0,0,0,0,0,0,0,0,0,0,0,0,0,0,0,0,0,0,0,0,0,0,0,0,0,0,0,0,0,0,0,0,0,0,0,0,0,0,0,0,0,0,0,0,0,0,0,0,0,0,0,0,0,0,0,0,0,0,0,0,0,0,0,0,0,0,0,0,0,0,0,0,3,201,2642,2121,2,3,11,21,18,60,1019,3923,570,488,49,683,3260,1157,35,0,0
0,0,0,0,0,0,0,0,0,0,0,0,0,0,0,0,0,0,0,0,0,0,0,0,0,0,0,0,0,0,0,0,0,0,0,0,0,0,0,0,0,0,0,0,0,0,0,0,0,0,0,0,0,0,0,0,0,0,0,0,0,0,0,0,0,0,0,0,0,0,0,0,0,0,0,0,0,0,0,0,37,403,163,10,22,9,3,120,2721,4598,3354,3625,3349,38,20,1140,99,3,4,14
0,0,0,0,0,0,0,0,0,0,0,0,0,0,0,0,0,0,0,0,0,0,0,0,0,0,0,0,0,0,0,0,0,0,0,0,0,0,0,0,0,0,0,0,0,0,0,0,0,0,0,0,0,0,0,0,0,0,0,0,0,0,0,0,0,0,0,0,0,0,0,0,0,0,0,0,0,0,0,0,23,188,18,6,11,6,20,630,3241,4333,2588,2649,3078,1223,268,5,21,22,0,36
0,0,0,0,0,0,0,0,0,0,0,0,0,0,0,0,0,0,0,0,0,0,0,0,0,0,0,0,0,0,0,0,0,0,0,0,0,0,0,0,0,0,0,0,0,0,0,0,0,0,0,0,0,0,0,0,0,0,0,0,0,0,0,0,0,0,0,0,0,0,0,0,0,0,0,0,0,0,0,0,457,2877,59,44,103,103,6,2,552,671,1773,332,24,100,373,12,90,30,44,21
0,0,0,0,0,0,0,0,0,0,0,0,0,0,0,0,0,0,0,0,0,0,0,0,0,0,0,0,0,0,0,0,0,0,0,0,0,0,0,0,0,0,0,0,0,0,0,0,0,0,0,0,0,0,0,0,0,0,0,0,0,0,0,0,0,0,0,0,0,0,0,0,0,0,0,0,0,0,0,0,667,3619,3231,2320,888,48,0,9,58,3,348,328,42,157,15,104,27,218,6,68
0,0,0,0,0,0,0,0,0,0,0,0,0,0,0,0,0,0,0,0,0,0,0,0,0,0,0,0,0,0,0,0,0,0,0,0,0,0,0,0,0,0,0,0,0,0,0,0,0,0,0,0,0,0,0,0,0,0,0,0,0,0,0,0,0,0,0,0,0,0,0,0,0,0,0,0,0,0,0,0,0,1242,82,84,0,0,0,6,28,0,12,10,19,54,11,3,16,213,0,32
0,0,0,0,0,0,0,0,0,0,0,0,0,0,0,0,0,0,0,0,0,0,0,0,0,0,0,0,0,0,0,0,0,0,0,0,0,0,0,0,0,0,0,0,0,0,0,0,0,0,0,0,0,0,0,0,0,0,0,0,0,0,0,0,0,0,0,0,0,0,0,0,0,0,0,0,0,0,0,0,0,0,0,0,0,0,507,4,27,177,4,20,26,55,274,32,35,6,16,13
0,0,0,0,0,0,0,0,0,0,0,0,0,0,0,0,0,0,0,0,0,0,0,0,0,0,0,0,0,0,0,0,0,0,0,0,0,0,0,0,0,0,0,0,0,0,0,0,0,0,0,0,0,0,0,0,0,0,0,0,0,0,0,0,0,0,0,0,0,0,0,0,0,0,0,0,0,0,0,0,0,0,0,0,0,0,281,104,51,496,43,48,3,0,26,8,175,31,788,2305
0,0,0,0,0,0,0,0,0,0,0,0,0,0,0,0,0,0,0,0,0,0,0,0,0,0,0,0,0,0,0,0,0,0,0,0,0,0,0,0,0,0,0,0,0,0,0,0,0,0,0,0,0,0,0,0,0,0,0,0,0,0,0,0,0,0,0,0,0,0,0,0,0,0,0,0,0,0,0,0,0,0,0,0,0,0,0,16,116,7,0,3,14,20,177,19,72,33,270,56
0,0,0,0,0,0,0,0,0,0,0,0,0,0,0,0,0,0,0,0,0,0,0,0,0,0,0,0,0,0,0,0,0,0,0,0,0,0,0,0,0,0,0,0,0,0,0,0,0,0,0,0,0,0,0,0,0,0,0,0,0,0,0,0,0,0,0,0,0,0,0,0,0,0,0,0,0,0,0,0,0,0,0,0,0,0,0,0,0,0,1,23,384,2,23,33,42,21,21,100
0,0,0,0,0,0,0,0,0,0,0,0,0,0,0,0,0,0,0,0,0,0,0,0,0,0,0,0,0,0,0,0,0,0,0,0,0,0,0,0,0,0,0,0,0,0,0,0,0,0,0,0,0,0,0,0,0,0,0,0,0,0,0,0,0,0,0,0,0,0,0,0,0,0,0,0,0,0,0,0,0,0,0,0,0,0,0,0,0,0,1,7,182,0,7,13,77,18,7,21
0,0,0,0,0,0,0,0,0,0,0,0,0,0,0,0,0,0,0,0,0,0,0,0,0,0,0,0,0,0,0,0,0,0,0,0,0,0,0,0,0,0,0,0,0,0,0,0,0,0,0,0,0,0,0,0,0,0,0,0,0,0,0,0,0,0,0,0,0,0,0,0,0,0,0,0,0,0,0,0,0,0,0,0,0,0,0,0,0,0,2,54,56,18,3,17,2,10,38,11
0,0,0,0,0,0,0,0,0,0,0,0,0,0,0,0,0,0,0,0,0,0,0,0,0,0,0,0,0,0,0,0,0,0,0,0,0,0,0,0,0,0,0,0,0,0,0,0,0,0,0,0,0,0,0,0,0,0,0,0,0,0,0,0,0,0,0,0,0,0,0,0,0,0,0,0,0,0,0,0,0,0,0,0,0,0,0,0,0,0,0,11,104,15,25,37,914,1890,277,38
0,0,0,0,0,0,0,0,0,0,0,0,0,0,0,0,0,0,0,0,0,0,0,0,0,0,0,0,0,0,0,0,0,0,0,0,0,0,0,0,0,0,0,0,0,0,0,0,0,0,0,0,0,0,0,0,0,0,0,0,0,0,0,0,0,0,0,0,0,0,0,0,0,0,0,0,0,0,0,0,0,0,0,0,0,0,0,0,0,0,0,0,23,479,9,20,1390,2937,1700,375
0,0,0,0,0,0,0,0,0,0,0,0,0,0,0,0,0,0,0,0,0,0,0,0,0,0,0,0,0,0,0,0,0,0,0,0,0,0,0,0,0,0,0,0,0,0,0,0,0,0,0,0,0,0,0,0,0,0,0,0,0,0,0,0,0,0,0,0,0,0,0,0,0,0,0,0,0,0,0,0,0,0,0,0,0,0,0,0,0,0,0,0,0,0,2,0,33,159,0,5
0,0,0,0,0,0,0,0,0,0,0,0,0,0,0,0,0,0,0,0,0,0,0,0,0,0,0,0,0,0,0,0,0,0,0,0,0,0,0,0,0,0,0,0,0,0,0,0,0,0,0,0,0,0,0,0,0,0,0,0,0,0,0,0,0,0,0,0,0,0,0,0,0,0,0,0,0,0,0,0,0,0,0,0,0,0,0,0,0,0,0,0,0,0,0,0,0,0,0,3
0,0,0,0,0,0,0,0,0,0,0,0,0,0,0,0,0,0,0,0,0,0,0,0,0,0,0,0,0,0,0,0,0,0,0,0,0,0,0,0,0,0,0,0,0,0,0,0,0,0,0,0,0,0,0,0,0,0,0,0,0,0,0,0,0,0,0,0,0,0,0,0,0,0,0,0,0,0,0,0,0,0,0,0,0,0,0,0,0,0,0,0,0,0,0,0,0,0,0,0
0,0,0,0,0,0,0,0,0,0,0,0,0,0,0,0,0,0,0,0,0,0,0,0,0,0,0,0,0,0,0,0,0,0,0,0,0,0,0,0,0,0,0,0,0,0,0,0,0,0,0,0,0,0,0,0,0,0,0,0,0,0,0,0,0,0,0,0,0,0,0,0,0,0,0,0,0,0,0,0,0,0,0,0,0,0,0,0,0,0,0,0,0,0,0,0,0,0,0,0
0,0,0,0,0,0,0,0,0,0,0,0,0,0,0,0,0,0,0,0,0,0,0,0,0,0,0,0,0,0,0,0,0,0,0,0,0,0,0,0,0,0,0,0,0,0,0,0,0,0,0,0,0,0,0,0,0,0,0,0,0,0,0,0,0,0,0,0,0,0,0,0,0,0,0,0,0,0,0,0,0,0,0,0,0,0,0,0,0,0,0,0,0,0,0,0,0,0,0,0
0,0,0,0,0,0,0,0,0,0,0,0,0,0,0,0,0,0,0,0,0,0,0,0,0,0,0,0,0,0,0,0,0,0,0,0,0,0,0,0,0,0,0,0,0,0,0,0,0,0,0,0,0,0,0,0,0,0,0,0,0,0,0,0,0,0,0,0,0,0,0,0,0,0,0,0,0,0,0,0,0,0,0,0,0,0,0,0,0,0,0,0,0,0,0,0,0,0,0,0
0,0,0,0,0,0,0,0,0,0,0,0,0,0,0,0,0,0,0,0,0,0,0,0,0,0,0,0,0,0,0,0,0,0,0,0,0,0,0,0,0,0,0,0,0,0,0,0,0,0,0,0,0,0,0,0,0,0,0,0,0,0,0,0,0,0,0,0,0,0,0,0,0,0,0,0,0,0,0,0,0,0,0,0,0,0,0,0,0,0,0,0,0,0,0,0,0,0,0,0
0,0,0,0,0,0,0,0,0,0,0,0,0,0,0,0,0,0,0,0,0,0,0,0,0,0,0,0,0,0,0,0,0,0,0,0,0,0,0,0,0,0,0,0,0,0,0,0,0,0,0,0,0,0,0,0,0,0,0,0,0,0,0,0,0,0,0,0,0,0,0,0,0,0,0,0,0,0,0,0,0,0,0,0,0,0,0,0,0,0,0,0,0,0,0,0,0,0,0,0
0,0,0,0,0,0,0,0,0,0,0,0,0,0,0,0,0,0,0,0,0,0,0,0,0,0,0,0,0,0,0,0,0,0,0,0,0,0,0,0,0,0,0,0,0,0,0,0,0,0,0,0,0,0,0,0,0,0,0,0,0,0,0,0,0,0,0,0,0,0,0,0,0,0,0,0,0,0,0,0,0,0,0,0,0,0,0,0,0,0,0,0,0,0,0,0,0,0,0,0
0,0,0,0,0,0,0,0,0,0,0,0,0,0,0,0,0,0,0,0,0,0,0,0,0,0,0,0,0,0,0,0,0,0,0,0,0,0,0,0,0,0,0,0,0,0,0,0,0,0,0,0,0,0,0,0,0,0,0,0,0,0,0,0,0,0,0,0,0,0,0,0,0,0,0,0,0,0,0,0,0,0,0,0,0,0,0,0,0,0,0,0,0,0,0,0,0,0,0,0
0,0,0,0,0,0,0,0,0,0,0,0,0,0,0,0,0,0,0,0,0,0,0,0,0,0,0,0,0,0,0,0,0,0,0,0,0,0,0,0,0,0,0,0,0,0,0,0,0,0,0,0,0,0,0,0,0,0,0,0,0,0,0,0,0,0,0,0,0,0,0,0,0,0,0,0,0,0,0,0,0,0,0,0,0,0,0,0,0,0,0,0,0,0,0,0,0,0,0,0
0,0,0,0,0,0,0,0,0,0,0,0,0,0,0,0,0,0,0,0,0,0,0,0,0,0,0,0,0,0,0,0,0,0,0,0,0,0,0,0,0,0,0,0,0,0,0,0,0,0,0,0,0,0,0,0,0,0,0,0,0,0,0,0,0,0,0,0,0,0,0,0,0,0,0,0,0,0,0,0,0,0,0,0,0,0,0,0,0,0,0,0,0,0,0,0,0,0,0,0
0,0,0,0,0,0,0,0,0,0,0,0,0,0,0,0,0,0,0,0,0,0,0,0,0,0,0,0,0,0,0,0,0,0,0,0,0,0,0,0,0,0,0,0,0,0,0,0,0,0,0,0,0,0,0,0,0,0,0,0,0,0,0,0,0,0,0,0,0,0,0,0,0,0,0,0,0,0,0,0,0,0,0,0,0,0,0,0,0,0,0,0,0,0,0,0,0,0,0,0
0,0,0,0,0,0,0,0,0,0,0,0,0,0,0,0,0,0,0,0,0,0,0,0,0,0,0,0,0,0,0,0,0,0,0,0,0,0,0,0,0,0,0,0,0,0,0,0,0,0,0,0,0,0,0,0,0,0,0,0,0,0,0,0,0,0,0,0,0,0,0,0,0,0,0,0,0,0,0,0,0,0,0,0,0,0,0,0,0,0,0,0,0,0,0,0,0,0,0,0
0,0,0,0,0,0,0,0,0,0,0,0,0,0,0,0,0,0,0,0,0,0,0,0,0,0,0,0,0,0,0,0,0,0,0,0,0,0,0,0,0,0,0,0,0,0,0,0,0,0,0,0,0,0,0,0,0,0,0,0,0,0,0,0,0,0,0,0,0,0,0,0,0,0,0,0,0,0,0,0,0,0,0,0,0,0,0,0,0,0,0,0,0,0,0,0,0,0,0,0
0,0,0,0,0,0,0,0,0,0,0,0,0,0,0,0,0,0,0,0,0,0,0,0,0,0,0,0,0,0,0,0,0,0,0,0,0,0,0,0,0,0,0,0,0,0,0,0,0,0,0,0,0,0,0,0,0,0,0,0,0,0,0,0,0,0,0,0,0,0,0,0,0,0,0,0,0,0,0,0,0,0,0,0,0,0,0,0,0,0,0,0,0,0,0,0,0,0,0,0
0,0,0,0,0,0,0,0,0,0,0,0,0,0,0,0,0,0,0,0,0,0,0,0,0,0,0,0,0,0,0,0,0,0,0,0,0,0,0,0,0,0,0,0,0,0,0,0,0,0,0,0,0,0,0,0,0,0,0,0,0,0,0,0,0,0,0,0,0,0,0,0,0,0,0,2,0,0,0,0,0,0,0,0,0,0,0,0,0,0,0,0,0,0,0,0,0,0,0,0
0,0,0,0,0,0,0,0,0,0,0,0,0,0,0,0,0,0,0,0,0,0,0,0,0,0,0,0,0,0,0,0,0,0,0,0,0,0,0,0,0,0,0,0,0,0,0,0,0,0,0,0,0,0,0,0,0,0,0,0,0,0,0,0,0,0,0,0,0,0,0,0,0,0,1,1,0,0,0,0,0,0,0,0,0,0,0,0,0,0,0,0,0,0,0,0,0,0,0,0
0,0,0,0,0,0,0,0,0,0,0,0,0,0,0,0,0,0,0,0,0,0,0,0,0,0,0,0,0,0,0,0,0,0,0,0,0,0,0,0,0,0,0,0,0,0,0,0,0,0,0,0,0,0,0,0,0,0,0,0,0,0,0,0,0,0,0,0,0,58,7,803,253,0,16,4,3,1,0,3,0,0,0,0,0,0,0,0,0,1,0,0,0,0,0,0,0,0,0,0
0,0,0,0,0,0,0,0,0,0,0,0,0,1,0,0,0,0,0,0,0,0,0,0,0,0,0,0,0,0,0,0,0,0,0,0,0,0,0,0,0,0,0,0,0,0,0,0,0,0,0,0,0,0,12,11,0,0,0,0,0,0,0,0,22,9,14,18,5,5,10,51,63,3,4,5,40,15,5,1,11,7,0,2,3,5,0,0,0,12,0,0,0,0,0,0,0,0,0,0
0,0,0,0,0,0,0,0,0,0,0,0,0,0,0,0,0,0,0,0,0,0,0,0,0,0,0,0,0,0,0,0,0,0,0,0,0,0,0,0,0,0,0,0,0,0,0,0,0,0,13,4454,2965,562,17,85,121,500,186,15,1,9,11,6,4,6,19,0,13,3,8,82,2,3,16,12,17,1,0,13,6,0,4,1,3,1,67,41,258,120,74,1,2,4,0,2,41,25,0,0
0,0,0,0,0,0,0,0,0,0,0,0,0,0,0,0,0,0,0,0,0,0,0,0,0,0,0,0,0,0,0,0,0,0,0,0,0,0,0,0,0,0,0,0,0,0,0,11,77,61,118,2245,610,66,19,130,183,75,1409,158,21,2,7,7,13,3,7,0,14,0,8,11,0,13,25,2,6,0,0,3,3,4,0,0,0,5,5,10,834,114,104,62,3,8,30,1149,2358,1658,439,0
0,0,0,0,0,0,0,0,0,0,0,0,0,0,0,0,0,0,0,0,0,0,0,0,0,0,0,0,0,0,0,0,0,0,0,0,0,0,0,0,0,0,0,0,0,157,31,14,11,35,33,153,5,8,16,53,14,6,52,249,31,6,11,11,20,6,43,12,1,21,1,6,12,0,0,0,0,0,0,0,0,0,0,0,0,0,7,7,35,22,4,7,11,34,0,639,1870,2540,717,12
0,0,0,0,0,0,0,0,0,0,0,0,0,17,0,0,0,0,0,0,0,0,0,0,0,0,0,0,0,0,0,0,0,0,0,0,0,0,0,0,0,0,0,0,0,159,25,99,57,12,27,2,7,16,1,21,7,29,14,2,30,35,10,0,4,11,98,56,2,0,0,2,9,0,0,0,0,0,0,0,0,0,0,0,0,0,3,0,0,2,12,67,6,13,1,0,1,436,126,381
0,0,0,0,0,0,0,0,0,0,0,0,0,3,2,0,0,0,0,0,0,0,0,0,0,0,0,0,0,0,0,0,0,0,0,0,0,0,0,0,0,0,0,0,0,262,500,136,127,12,20,38,14,4,14,8,0,12,4,9,27,21,31,1,21,8,2,5,0,0,0,0,0,0,0,0,0,0,0,0,0,0,0,0,0,0,0,4,0,1,0,2,30,112,63,12,10,13,164,192
0,0,0,0,0,0,0,0,0,0,0,0,0,0,0,0,0,0,0,0,0,0,0,0,0,0,0,0,0,0,0,0,0,0,0,0,0,0,0,0,0,0,0,0,0,1,5,34,31,16,22,292,10,23,20,1,3,0,2,12,29,76,28,10,32,8,0,0,8,0,0,0,0,0,0,0,0,0,0,0,0,0,0,0,0,0,0,0,0,0,0,0,5,26,8,282,13,9,2,0
0,0,0,0,0,0,0,0,0,0,0,0,0,0,0,0,0,0,0,0,0,0,0,0,0,0,0,0,0,0,0,0,0,0,0,0,0,0,0,0,0,0,0,0,0,9,0,5,11,5,32,84,23,8,17,27,6,12,10,14,21,25,0,6,3,16,9,19,8,33,7,0,0,0,0,0,2,0,0,0,0,0,0,0,3,0,0,0,0,0,0,0,7,7,5,25,0,1,2,0
0,0,0,0,0,0,0,0,0,0,0,0,0,0,0,0,0,0,0,0,0,0,0,0,0,0,0,0,0,0,0,0,0,0,0,0,0,0,0,0,0,0,4,0,23,19,57,28,32,9,13,6,9,0,1,4,1,10,8,29,9,43,0,18,17,10,1,6,16,25,0,0,0,5,0,1,0,0,0,6,0,0,5,0,0,3,0,0,0,0,0,5,2,9,10,16,5,0,0,2
0,0,0,0,0,0,0,0,0,0,0,0,0,0,0,0,0,0,0,0,0,0,0,0,0,0,0,0,0,0,0,0,0,0,0,0,0,0,0,0,0,0,7,46,383,67,408,67,34,28,13,0,0,26,3,43,1,7,10,1,1,0,11,4,32,0,0,4,1,1,0,0,0,2,5,3,12,30,10,24,0,13,19,17,12,11,0,0,6,8,1,10,76,12,5,9,3,0,1,0
0,0,0,0,0,0,0,0,0,0,0,0,0,0,0,0,0,0,0,0,0,0,0,0,0,0,0,0,0,0,0,0,0,0,0,0,0,0,0,0,0,0,0,115,144,18,5,16,6,356,10,14,14,49,15,121,79,18,13,4,24,53,23,1,25,4,6,4,13,3,2,0,0,0,0,0,0,0,0,0,3,1,9,3,42,206,34,12,1,7,42,2,123,10,3,3,15,7,1,5
0,0,0,0,0,0,0,0,0,0,0,0,0,0,0,0,0,0,0,0,0,0,0,0,0,0,0,0,0,0,0,0,0,0,0,0,0,0,0,0,0,0,0,0,21,35,50,861,481,341,15,1,12,49,72,72,12,8,28,87,20,57,23,34,765,7,2,6,20,0,6,0,0,0,2,1,0,0,0,0,0,0,0,7,3,14,2,0,2,7,10,19,7,2,0,1,2,34,88,5
0,0,0,0,0,0,0,0,0,0,0,0,0,0,0,0,0,0,0,0,0,0,0,0,0,0,0,0,0,0,0,0,0,0,0,0,0,0,0,0,0,0,0,0,0,0,9,518,3287,1308,16,17,14,10,98,20,6,6,48,41,2,56,20,2,9,32,0,8,0,9,4,0,0,0,0,7,0,2,1,0,0,0,13,7,10,0,0,1,0,14,3,4,8,0,2,3,0,2,5,1
0,0,0,0,0,0,0,0,0,0,0,0,0,0,0,0,0,0,0,0,0,0,0,0,0,0,0,0,0,0,0,0,0,0,0,0,0,0,0,0,0,0,0,0,0,0,8,2,563,748,182,3,51,193,50,48,74,22,20,6,35,11,17,70,19,7,11,7,17,5,16,3,1,0,0,0,0,0,0,0,0,0,0,11,94,8,6,8,4,2,68,3,11,5,0,6,3,0,6,0
0,0,0,0,0,0,0,0,0,0,0,0,0,0,0,0,0,0,0,0,0,0,0,0,0,0,0,0,0,0,0,0,0,0,0,0,0,0,0,0,0,0,0,0,0,0,0,4,11,415,1036,8,20,17,167,1553,1257,15,19,193,98,0,0,0,2,17,13,0,132,73,7,20,17,2,1,20,0,0,0,2,3,0,0,0,5,4,4,0,0,10,107,28,12,5,31,0,0,6,8,7
0,0,0,0,0,0,0,0,0,0,0,0,0,0,0,0,0,0,0,0,0,0,0,0,0,0,0,0,0,0,0,0,0,0,0,0,0,0,0,0,0,0,0,0,0,0,4,3,0,2,7,22,14,1,34,2712,5480,887,139,47,24,23,18,53,12,7,4,6,16,0,5,4,6,11,10,0,1,0,3,10,5,0,0,0,5,0,4,0,3,0,0,6,120,4,2,8,5,1,12,3
0,0,0,0,0,0,0,0,0,0,0,0,0,0,0,0,0,0,0,0,0,0,0,0,0,0,0,0,0,0,0,0,0,0,0,0,0,0,0,0,0,0,0,0,0,0,0,4,2,447,1329,1473,553,2461,2799,674,4611,3446,1484,9,1,7,11,4,5,9,9,9,28,13,6,11,8,36,20,2,0,0,0,0,0,0,0,0,3,2,1,11,3,0,0,6,9,3,1,0,2,0,17,0
0,0,0,0,0,0,0,0,0,0,0,0,0,0,0,0,0,0,0,0,0,0,0,0,0,0,0,0,0,0,0,0,0,0,0,0,0,0,0,0,0,0,0,0,0,0,1,20,272,614,237,24,5,1585,574,103,784,697,86,1260,230,21,21,21,1,161,120,51,26,0,4,10,0,0,0,1,0,0,5,2,8,0,0,1,1,1,11,1,0,0,9,13,11,4,49,127,15,0,4,1
0,0,0,0,0,0,0,0,0,0,0,0,0,0,0,0,0,0,0,0,0,0,0,0,0,0,0,0,0,0,0,0,0,0,0,0,0,0,0,0,0,0,0,0,0,255,1563,476,23,7,8,14,15,58,7,11,655,45,0,73,205,66,203,51,9,11,6,5,8,15,0,13,2,13,12,10,4,0,19,2,0,0,0,2,4,8,17,11,5,3,7,6,9,5,4,13,9,9,1,10
0,0,0,0,0,0,0,0,0,0,0,0,0,0,0,0,0,0,0,0,0,0,0,0,0,0,0,0,0,0,0,0,0,0,0,0,0,0,0,0,0,0,111,1504,2111,1556,50,35,27,1,1,2,9,117,18,60,139,31,21,19,51,49,211,25,4,4,10,13,14,4,12,2,2,467,229,11,6,8,5,0,1,5,0,0,0,0,4,0,2,3,15,8,4,5,4,7,2,6,2,19
0,0,0,0,0,0,0,0,0,0,0,0,0,0,0,0,0,0,0,0,0,0,0,0,0,0,0,0,0,0,0,0,0,0,0,0,0,0,0,0,0,2,359,775,1084,1199,19,120,28,6,31,5,14,6,8,25,13,21,4,7,6,8,22,8,38,11,18,47,11,6,9,21,13,8,1,6,10,10,1,10,94,9,3,3,5,0,12,0,6,4,23,145,2,2,3,1,1,0,0,29
0,0,0,0,0,0,0,0,0,0,0,0,0,0,0,0,0,0,0,0,0,0,0,2,6,0,0,0,0,0,0,0,0,0,0,0,0,0,0,0,0,26,35,223,998,1829,28,14,39,3,74,69,136,4,12,20,28,20,32,10,2,17,0,2,14,9,35,32,0,12,6,7,8,4,10,11,6,5,4,7,4,4,1,10,12,16,18,10,9,8,10,776,196,15,35,1,11,6,53,12
0,0,0,0,0,0,0,0,0,0,0,0,0,0,0,0,0,0,0,0,0,0,0,8,0,16,10,22,5,0,0,0,0,0,0,0,0,0,0,0,5,33,249,867,4181,4124,2500,27,10,39,27,4,93,11,73,54,32,27,25,20,16,56,19,33,22,8,13,0,9,19,75,753,25,1,7,2,0,5,17,3,3,18,9,34,61,11,71,23,0,1,8,15,0,17,5,1,9,0,5,6
0,0,0,0,0,0,0,0,0,0,0,0,0,0,0,0,0,0,0,0,0,0,0,14,14,24,8,0,22,0,0,28,0,0,0,0,0,0,0,0,17,16,16,787,843,293,1368,58,28,25,22,81,12,5,3,8,10,5,9,2,5,13,16,366,15,28,9,8,0,11,756,2993,249,44,23,31,31,18,5,3,2,5,4,5,13,8,41,8,34,9,18,24,334,10,9,24,30,13,10,6
0,0,0,0,0,0,0,0,0,0,0,0,0,0,0,0,0,0,0,0,0,0,0,57,10,292,573,97,14,4,3,274,0,0,0,0,0,0,2,18,163,19,3,25,21,53,43,11,0,18,29,11,17,31,13,6,24,6,16,26,17,67,13,25,12,27,33,17,22,4,14,91,3,7,14,84,24,9,14,1,1,0,0,1,14,17,19,20,3,8,8,2,64,79,5,99,10,25,88,16
0,0,0,0,0,0,0,0,0,0,0,0,0,0,0,0,0,0,0,0,0,0,0,12,6,8,3,44,14,16,7,21,16,3,41,22,17,33,158,4,37,61,36,197,69,42,43,17,22,14,23,15,21,33,11,22,124,10,41,70,42,50,20,6,14,7,9,15,7,15,73,17,1,19,13,218,88,0,34,13,12,10,41,32,13,3,7,8,1,46,0,5,1,7,6,11,9,45,66,0
0,0,0,0,0,0,0,0,0,0,0,0,0,0,0,0,0,0,0,0,0,0,0,36,21,36,9,5,7,1,8,4,16,0,78,27,46,26,15,40,16,4,38,18,27,57,106,75,30,14,13,17,4,26,5,22,8,26,26,76,36,16,0,13,21,31,18,8,10,8,36,7,75,2,20,7,10,18,25,15,12,4,19,9,28,22,2,14,7,12,15,5,32,22,11,968,105,10,0,16
0,0,0,0,0,0,0,0,0,0,0,0,0,0,0,0,0,0,0,0,0,0,2,13,25,9,15,21,0,20,14,21,64,481,76,14,16,11,306,28,14,33,16,7,13,67,2,75,36,11,5,4,5,20,6,3,9,4,26,4,14,16,12,1,38,9,13,10,11,12,15,2,21,4,18,17,7,16,35,35,12,3,2,22,0,0,3,4,6,6,40,109,30,9,16,151,47,21,4,11
0,0,0,0,0,0,0,0,0,0,0,0,0,0,0,0,0,0,0,0,0,4,11,9,7,0,0,0,0,0,6,12,15,141,31,15,18,6,3,7,0,254,190,9,9,175,0,4,9,8,30,18,38,69,4,17,4,13,19,407,133,19,26,15,65,36,8,13,3,14,0,9,34,0,13,4,3,0,13,5,4,0,7,2,1,0,6,3,0,18,5,13,2,9,14,20,0,5,0,36
0,0,0,0,0,0,0,0,0,0,0,0,0,0,0,0,0,0,0,0,0,0,11,4,6,7,7,16,0,22,16,9,18,13,37,10,0,10,5,9,0,16,13,1,14,7,28,38,301,2663,2133,13,45,87,11,2,12,10,4,61,38,13,46,6,12,5,8,4,178,13,6,8,16,16,11,64,14,3,5,9,5,16,7,9,27,10,14,6,19,17,8,15,31,8,18,103,25,0,8,1
0,0,0,0,0,0,0,0,0,0,0,0,0,0,0,0,0,0,0,0,0,3,27,38,15,4,12,0,0,0,8,2,2,17,1,2,1,7,5,26,11,9,17,1,27,166,7,4,337,285,41,6,11,150,7,8,18,15,18,5,10,18,29,5,8,6,2,31,5,14,10,2,1,9,1,22,12,17,8,17,7,10,7,0,21,132,13,6,9,1,5,85,54,3,5,0,11,16,10,12
0,0,0,0,0,0,0,0,0,0,0,0,0,0,0,0,0,0,0,0,0,0,52,24,14,6,32,46,9,3,3,9,22,18,8,9,16,11,16,8,25,38,20,4,17,3,15,3,10,14,2,19,3,10,5,7,9,120,9,7,0,3,16,23,18,12,29,1,12,3,10,10,0,0,0,5,16,22,10,13,8,3,9,18,13,19,8,6,18,7,8,5,28,6,37,13,1,4,4,2
0,0,0,0,0,0,0,0,0,0,0,0,0,0,0,0,0,0,0,0,0,21,35,20,3,44,3,7,5,9,27,7,4,9,19,40,14,15,20,21,3,21,6,19,15,8,19,9,25,76,12,7,0,9,9,2,4,19,9,10,1,14,5,188,78,23,7,18,8,6,1,12,8,9,8,0,7,19,8,16,3,2,24,17,5,17,6,6,2,8,16,44,27,23,17,12,5,10,2,4
0,0,0,0,0,0,0,0,0,0,0,0,0,0,0,0,0,0,0,0,26,10,31,20,13,56,17,11,15,6,19,4,15,4,16,23,15,23,16,8,1,10,21,68,148,117,13,34,8,33,3,0,0,3,46,108,6,0,2,3,9,5,11,14,10,17,21,8,0,9,1,3,12,3,9,0,12,16,2,7,11,10,9,5,5,2,1,0,9,2,15,17,27,76,52,42,38,32,16,14
0,0,0,0,0,0,0,0,0,0,0,0,0,0,0,0,0,0,0,0,0,18,175,34,15,1,0,4,11,6,20,27,459,3,13,5,46,0,24,15,6,22,113,114,8,27,21,37,18,35,15,12,13,24,25,190,12,0,7,4,11,34,5,18,15,12,18,43,950,17,9,0,22,3,0,0,6,5,8,15,1115,14,12,3,8,4,11,40,20,13,33,60,67,68,32,231,466,11,39,14
0,0,0,0,0,0,0,0,0,0,0,0,0,0,0,0,0,0,0,0,6,133,9,0,11,5,9,19,6,3,23,10,234,23,1,11,14,12,22,0,14,26,20,1,0,9,0,53,7,39,0,15,3,2,3,7,19,3,5,10,35,32,109,43,13,14,15,6,8,48,0,10,3,14,5,8,26,29,44,27,52,16,15,134,24,14,23,2,34,14,5,21,17,22,599,1998,5127,104,350,6
0,0,0,0,0,0,0,0,0,0,0,0,0,0,0,0,0,0,0,0,4,3,16,9,20,21,14,5,0,10,11,10,24,8,3,1,16,10,0,4,20,66,2,11,18,11,7,29,11,33,0,13,158,26,6,3,107,569,6,17,5,4,14,9,2,9,9,5,19,6,156,232,15,1,0,5,6,14,23,6,21,7,23,8,19,4,2,10,6,22,84,66,6,41,1451,3732,3040,1458,23,35
0,0,0,0,0,0,0,0,0,0,0,0,0,0,0,0,0,0,0,0,5,11,5,8,74,751,4,42,28,29,3,13,7,16,205,25,9,61,39,49,5,13,19,21,24,9,12,15,14,8,6,0,39,14,8,33,17,20,0,3,11,5,21,81,18,10,13,14,69,1,15,12,16,1,0,9,11,7,4,6,8,18,10,11,7,22,107,16,2,26,19,6,19,21,630,509,229,162,30,54
0,0,0,0,0,0,0,0,0,0,0,0,0,0,0,0,0,0,0,0,1,36,75,17,17,19,15,3,5,20,8,4,38,2,28,4,13,18,53,43,15,0,23,56,14,36,17,1,19,1,47,10,7,0,13,18,23,38,4,3,5,12,9,6,29,14,5,3,22,5,8,2,10,12,18,3,4,0,5,45,26,4,21,146,10,7,35,37,23,11,2,1,4,9,73,30,29,12,4,19
0,0,0,0,0,0,0,0,0,0,0,0,0,0,0,0,0,0,0,0,7,0,13,6,7,8,13,12,11,14,10,17,22,11,1,17,9,12,9,7,18,31,3,110,406,61,15,9,38,3,19,206,0,0,24,0,10,36,12,2,13,29,22,9,15,13,156,7,34,3,12,4,3,15,13,11,26,11,14,9,72,15,21,7,5,24,8,10,8,10,20,15,15,28,2,8,33,19,15,4
0,0,0,0,0,0,0,0,0,0,0,0,0,0,0,0,0,0,0,0,27,130,116,59,12,8,8,15,8,12,22,19,39,5,1,60,6,27,37,36,19,6,0,38,78,22,15,12,10,6,11,44,3,0,74,5,30,29,3,23,5,12,108,417,2,9,11,15,14,27,3,112,214,507,0,14,11,5,40,1,13,14,21,10,16,133,13,2,49,27,5,37,7,20,16,18,4,87,19,22
0,0,0,0,0,0,0,0,0,0,0,0,0,0,0,0,0,0,0,0,800,1232,273,52,6,75,77,5,0,2,17,0,3,10,11,9,23,9,84,18,10,9,16,4,28,29,1,1,7,2,3,3,6,1,38,8,5,1,22,10,22,6,45,620,11,10,12,21,23,156,4,18,99,51,27,21,447,187,10,8,5,33,39,6,22,10,34,10,21,8,10,51,22,65,80,7,21,31,5,7
0,0,0,0,0,0,0,0,0,0,0,0,0,0,0,0,0,0,0,0,794,2058,1278,521,27,2,69,7,27,13,1,1,264,25,30,10,8,0,0,0,49,4,68,11,6,1,9,12,189,6,0,4,4,11,1,0,28,28,9,17,12,18,8,2,0,3,9,9,18,17,1,11,23,4,7,0,35,65,29,19,0,7,7,11,6,22,207,364,38,5,14,27,10,16,43,10,5,8,25,7
0,0,0,0,0,0,0,0,0,0,0,0,0,0,0,0,0,0,0,0,423,1883,81,38,20,25,31,8,3,28,31,10,6,29,6,6,24,0,15,3,26,57,44,9,14,7,259,11,12,1,4,9,11,11,16,6,8,22,66,14,21,73,20,6,17,3,15,13,26,19,28,11,6,3,42,31,4,13,6,13,5,29,21,7,61,2,21,45,21,7,39,4,14,20,28,23,0,10,3,23
0,0,0,0,0,0,0,0,0,0,0,0,0,0,0,0,0,0,0,0,124,35,53,28,21,17,35,21,5,0,22,15,21,376,806,19,21,19,30,1,8,67,30,15,4,6,14,25,139,17,15,20,26,313,838,16,4,5,16,7,7,1,18,5,15,71,51,4,7,25,2,73,59,18,134,95,4,25,28,15,9,11,38,24,29,11,25,22,15,0,45,23,20,11,30,23,7,4,4,135
0,0,0,0,0,0,0,0,0,0,0,0,0,0,0,0,0,0,0,7,3,115,545,19,2,5,25,2,32,7,92,24,32,398,1164,85,5,27,10,12,6,2,8,0,11,8,11,3,47,19,6,4,7,330,1,4,5,17,14,20,9,9,5,0,11,2,3,10,7,11,6,81,58,10,11,27,275,32,4,109,20,0,23,34,10,7,6,50,21,3,3,13,5,11,1,863,136,34,6,1263
0,0,0,0,0,0,0,0,0,0,0,0,0,0,0,0,0,0,0,19,199,31,16,28,35,11,82,449,46,14,14,264,10,16,53,40,5,12,7,10,15,0,0,6,23,13,0,0,10,16,7,6,12,15,13,18,25,1,27,20,136,3,16,13,6,17,88,6,17,23,5,56,11,0,13,5,419,594,31,26,6,41,418,236,28,22,23,6,22,23,12,26,363,22,45,487,59,112,27,99
0,0,0,0,0,0,0,0,0,0,0,0,0,0,0,0,0,0,0,12,128,21,13,23,20,27,53,9,6,23,9,9,27,7,7,18,2,14,12,4,25,31,0,1,48,23,8,8,1,19,0,18,10,3,1,1,5,17,43,19,116,24,31,93,0,247,1330,14,9,2,7,205,879,18,9,0,11,64,59,18,22,12,21,23,29,8,198,55,8,35,0,78,249,77,34,11,20,65,70,0
0,0,0,0,0,0,0,0,0,0,0,0,0,0,0,0,0,0,0,24,15,9,15,23,30,4,3,6,10,45,16,0,0,0,3,5,9,22,17,1,11,0,8,165,230,14,0,11,1,30,3,7,0,13,13,6,4,11,5,6,12,13,18,77,8,7,38,2,1,0,4,6,45,12,6,22,17,91,0,15,8,40,2503,3209,672,28,11,1,8,52,0,10,23,21,9,62,4,25,31,26
