1494,2,858,1414,2528,604,8,1583,1,5,3,3,0,4,3558,1925,59,309,49,52,73,422,140,28,28,85,2,284,1127,1460,2922,56,6,12,8,8,1,58,10,10,30,27,44,8,18,24,9,13,124,18,35,19,15,20,4,7,41,42,28,84,8,3,0,0,0,0,2,371,1770,67,96,5,28,826,2699,2485,86,3,79,6,4,2,11,582,2584,571,245,37,91,2,23,4,7,1,0,110,37,8,25,0
0,0,0,0,2651,2170,0,443,4,14,109,0,15,2,893,2307,1173,437,2467,2281,1066,1661,597,6,0,0,0,11,1894,2919,409,12,0,87,14,7,6,20,0,30,20,6,14,31,38,0,8,45,261,20,3,6,27,0,0,42,23,31,34,1,0,0,0,0,4,0,17,28,46,28,31,16,106,54,140,1894,200,32,513,357,12,15,4,337,363,15,22,66,566,58,37,6,20,12,116,0,7,0,8,22
215,0,0,8,16,2915,336,0,20,1735,1237,19,98,1144,2379,1436,4851,2114,693,35,1469,1879,208,1,0,2,0,27,420,778,90,12,1,24,4,2,18,11,0,31,14,5,11,30,10,17,22,29,0,3,19,33,2,5,21,92,50,35,0,0,0,0,0,0,0,21,13,5,3,136,85,22,32,25,45,1318,2083,46,133,17,0,19,0,82,105,0,2,39,321,12,0,4,0,3,33,0,12,0,724,88
1078,0,0,0,15,10,1061,920,820,2269,2053,158,69,1967,2053,2774,2941,2660,672,1293,1889,514,5,0,0,0,9,2276,3981,3281,3687,36,16,3,0,2,134,322,11,62,10,12,19,22,51,11,20,28,66,13,50,546,1,14,115,61,30,0,0,0,0,14,2,8,7,25,0,19,0,31,43,40,9,115,170,42,2,3,15,3,2,129,7,6,4,0,1,18,0,10,5,10,25,16,16,0,19,1,13,0
935,651,0,0,21,194,2,528,1860,44,1763,2322,21,148,2965,1590,1905,3332,1868,60,29,1937,543,0,0,4,312,4308,888,1753,1880,19,30,65,30,12,16,25,3,24,18,26,1,0,45,42,61,16,30,42,9,10,12,14,299,31,19,0,0,0,0,11,26,22,49,8,3,42,480,121,12,24,11,137,232,38,23,21,1,0,11,10,0,18,0,11,8,47,24,6,10,3,21,28,5,12,43,14,4,67
1920,904,0,0,14,1537,304,1093,771,15,5,207,17,417,2797,2231,215,393,17,20,0,636,40,2,1,0,1760,3655,4718,2202,2102,45,49,28,28,26,3,11,52,17,2,5,12,0,38,40,54,66,272,22,3,40,1190,922,1169,3,0,0,0,0,0,33,11,0,19,0,6,44,44,0,14,17,20,11,41,10,83,6,2,11,35,5,11,1,7,0,1,0,811,284,33,20,0,35,0,0,44,103,28,20
151,1064,980,0,0,70,1243,513,56,15,65,21,6,61,1257,37,6,331,21,16,0,926,1332,0,2,12,1415,2225,1799,1358,1558,103,442,15,18,56,1,36,3,0,0,9,34,6,1,6,18,195,141,2,4,387,2331,2005,1863,165,0,0,0,0,0,54,39,0,18,94,15,184,218,6,51,38,0,10,97,2416,1364,6,20,20,18,1,14,0,1,0,67,1,2122,1972,5,1,0,9,60,50,0,16,280,151
1760,146,2056,0,0,7,166,3291,1667,12,0,0,0,10,92,287,0,555,417,3,0,306,1039,0,2,29,8,30,36,65,613,56,860,284,30,94,34,4,29,12,31,17,73,56,175,11,21,1,0,1,0,389,344,4020,359,0,0,0,0,0,186,145,4,28,61,7,3,112,28,520,43,177,1184,8,384,348,1119,1,0,3,0,17,4,13,15,12,5,1,336,45,60,12,12,3,157,419,4,91,14,7
2500,812,3358,1419,89,15,98,304,1406,177,13,701,4,3,47,1500,0,0,1322,145,889,504,1323,1239,94,8,16,14,816,979,3500,166,1683,2434,247,14,5,15,13,77,503,115,12,203,21,11,55,46,35,7,22,224,185,1274,727,48,0,0,0,5,44,13,44,405,1088,24,35,56,18,127,21,75,1055,9,944,31,60,14,5,97,0,1,153,6,2,0,12,74,15,10,47,36,9,8,5,30,34,20,6,5
2020,1078,2151,436,963,370,4304,3356,865,0,25,1550,307,0,1074,452,26,8,0,9,0,5,0,1018,4776,2452,34,5,3772,2679,3937,564,1672,713,1050,18,295,302,755,138,208,11,53,28,39,47,102,826,156,36,37,20,20,18,205,71,0,0,1,66,15,31,55,1375,4177,302,107,23,13,230,35,18,10,30,6,8,34,18,1,8,11,1,65,6,0,19,66,5,2,11,0,3,14,1,3,0,43,145,16,8
49,611,203,0,0,4,2395,1994,1752,38,6,1306,2538,76,979,16,1470,1040,398,821,761,1077,0,21,741,2633,1236,1200,9,20,3213,2213,5820,1831,650,1911,634,720,935,63,55,11,63,25,3,19,27,332,401,43,96,20,0,0,0,0,19,114,6,63,8,9,60,613,3453,399,14,38,6,265,1,8,77,8,9,4,346,82,32,1,1,5,0,0,7,45,16,28,49,128,8,49,19,12,6,30,25,7,12,20
1242,3339,195,3,18,9,292,95,3640,3819,120,0,260,1621,4076,2212,2373,1892,1324,976,209,322,27,45,1,318,2272,1828,332,1289,3532,4622,7550,3936,4085,3745,611,2,1027,25,21,9,1,53,5,21,191,4042,1732,784,695,7,0,0,0,0,24,54,1,85,56,7,563,895,23,25,358,98,15,5,32,55,1366,10,35,32,32,6,6,4,0,12,10,25,16,24,1,3,20,18,11,7,205,1361,8,47,179,46,9,4
2169,54,13,16,40,60,103,11,398,1728,900,28,2,2025,3814,2788,3740,7,288,39,27,6,157,4,3,123,1574,2925,2536,3806,4913,4024,5426,5705,3909,97,55,1,8,104,7,131,2487,2497,32,970,634,1730,1388,95,352,0,0,0,0,14,12,6,28,145,639,280,331,666,47,38,76,6,50,20,13,37,300,3,0,30,23,157,131,4,1,293,81,1,4,4,11,8,42,28,3,45,2512,1148,293,40,40,14,22,5
700,1391,14,26,41,65,17,1018,3544,2322,86,23,48,1824,3817,3196,767,22,12,54,32,4,3,7,13,32,986,460,160,3616,1221,3871,300,1167,980,0,0,76,10,1,1,37,230,544,15,0,0,2,0,0,0,0,0,0,126,58,20,14,15,47,540,109,346,31,8,48,8,1,63,65,27,12,21,5,10,18,8,356,363,3,10,5,79,0,21,773,58,4,14,11,12,37,173,697,241,453,91,12,6,12
0,170,68,2,17,380,2097,1590,1962,335,9,329,658,32,812,28,0,1,16,0,9,14,5,26,82,44,29,2,166,3476,507,0,0,0,35,46,16,6,0,0,6,7,16,16,22,0,0,0,0,0,0,0,0,130,663,834,10,23,16,40,14,173,59,0,25,62,4,1,71,424,27,25,19,11,12,15,8,1,30,0,0,1,12,4,6,654,16,6,2,38,2,9,0,50,2,46,53,46,54,5
27,0,3,257,0,1661,4318,2771,741,166,34,264,752,9,32,56,10,11,38,67,29,0,115,43,37,21,68,139,624,2888,58,0,0,0,57,42,18,36,2,0,42,136,4,0,0,0,0,0,0,0,0,0,0,368,954,235,93,11,2,25,720,1133,242,37,4,1,48,26,63,192,344,1103,50,0,23,148,73,10,0,5,26,0,11,129,31,5,18,8,38,11,1,28,158,9,13,1,147,156,0,7
627,13,3,179,1934,694,29,30,4,20,9,571,2262,0,10,11,1185,3026,1761,158,17,22,47,29,40,435,19,26,10,15,21,0,0,3,94,58,71,20,17,1,3,1,0,0,0,0,0,0,0,0,0,0,0,0,0,0,176,40,25,259,284,1453,97,1,16,2,9,232,325,214,2927,3804,660,7,82,24,8,4,0,3,3,1,4,351,35,0,3,14,0,1,0,0,212,38,1,0,71,0,21,0
612,39,7,1380,1378,1318,16,38,13,660,618,5,17,1352,164,1415,3571,4281,1761,696,3194,2977,205,186,68,1140,615,0,6,131,20,1,0,0,1,5,2,53,4,0,0,0,0,0,0,0,0,0,0,0,0,0,0,0,0,0,93,417,78,1999,1177,5739,1660,54,18,129,358,10,21,233,3366,3182,2048,1510,8,8,11,5,0,2,256,3,5,27,15,1,0,1,1,489,8,13,0,30,88,64,472,23,26,105
62,12,240,2844,2956,86,273,878,1355,358,587,34,2358,464,2606,2646,4975,2665,1807,2558,6026,2567,4769,3737,3213,130,662,12,26,276,20,0,0,0,0,0,0,12,0,0,0,0,0,0,0,0,0,0,0,0,0,0,0,0,0,9,69,54,48,4117,2784,5465,4077,892,57,2257,1982,2929,167,164,4595,4949,1665,1020,79,371,53,14,4,0,89,33,0,2,10,10,0,1,25,656,33,257,2,15,46,67,1,1,4,221
1455,1558,624,649,369,3,70,106,315,75,81,538,1760,1246,2718,3749,5667,4029,3682,4270,3549,2174,4852,5607,2827,2,67,17,0,0,0,0,0,0,0,0,0,0,0,0,0,0,0,0,0,0,0,0,0,0,0,0,0,2,102,36,31,363,83,27,16,2438,5518,1780,922,2003,916,1895,51,57,2079,606,14,14,22,32,11,0,8,2,134,113,12,96,0,38,97,18,1,8,179,315,22,15,177,25,0,17,29,91
37,33,84,84,34,26,4,21,0,20,4,73,80,2093,3469,4703,5437,2629,2831,4177,2126,3623,3172,171,146,55,58,0,0,0,0,0,0,0,0,0,0,0,0,0,0,0,0,0,0,0,0,0,0,0,0,0,0,3,107,965,3065,3031,2679,110,3406,1570,1994,941,414,1119,129,201,44,389,161,86,5,44,12,8,9,4,7,1,0,275,24,58,3,4,106,12,28,1,172,27,11,2,35,40,139,49,21,128
6,28,17,0,70,43,5,2,4,44,13,2,748,3642,4021,2981,3478,8664,8966,6141,1696,2439,349,21,44,2,0,0,0,0,0,0,0,0,0,0,0,0,0,0,0,0,0,0,0,0,0,0,0,0,0,950,26,156,3048,1407,1600,3681,6474,3168,4770,774,1611,627,1013,2324,1143,19,2,19,1,0,46,1,17,11,135,63,0,0,7,94,24,6,14,9,36,29,6,9,1,16,49,24,865,24,369,17,1,11
93,546,13,2,23,34,17,102,27,86,3,81,625,4849,3943,4728,3417,3446,13103,10661,5961,1986,0,0,0,0,0,0,0,0,0,0,0,0,0,0,0,0,0,0,0,0,0,0,0,0,733,2243,90,0,10,508,3219,3189,1609,2695,1773,4118,4409,5144,6463,930,1283,1154,3158,3897,4160,336,63,133,39,2,1,15,0,7,9,12,3,11,56,59,73,5,308,9,29,14,24,71,530,15,384,51,1,17,93,75,50,23
110,85,127,7,3,52,75,26,487,61,8,670,3516,5900,3828,4477,8726,6985,4160,6837,5371,392,0,0,0,0,0,0,0,0,0,0,0,0,0,0,0,0,0,0,0,0,0,0,966,2176,3473,3915,983,36,0,115,2620,2639,644,3307,3753,4348,3938,7305,3401,1359,3126,3839,5527,5119,5390,2241,38,913,921,14,3,135,0,13,0,8,5,0,0,18,5,4,6,4,622,25,0,11,28,258,134,0,9,27,8,13,3,9
190,127,20,50,22,31,50,109,127,12,63,2317,4674,4684,1105,149,1251,9182,3163,2040,0,0,0,0,0,0,0,0,0,0,0,0,0,0,0,0,0,0,0,0,0,0,0,650,2745,1250,2224,2001,4,422,182,1060,2227,467,10,2051,3954,5501,6968,8195,2936,2641,5566,4874,6430,5544,1574,101,103,139,444,20,0,81,23,5,50,3,4,3,26,41,8,19,3,38,43,33,38,41,481,233,36,170,16,40,50,22,38,28
206,38,3,54,98,103,183,38,87,235,120,90,803,552,19,38,100,4001,5851,1676,0,0,0,0,0,0,0,0,0,0,0,0,0,0,0,0,0,0,0,0,0,0,163,29,271,49,253,112,52,66,18,35,73,86,97,209,82,9197,10839,11416,7246,7647,3680,5913,6580,6185,1990,60,66,38,57,60,98,4,1,3,14,13,7,1,129,63,9,59,39,26,12,11,10,30,2646,2800,1812,12,29,31,78,15,19,4
14,96,42,11,7,40,56,5,6,30,8,171,418,0,18,98,723,1593,1801,0,0,0,0,0,0,0,0,0,0,0,0,0,0,0,0,0,0,0,0,0,3,13,91,1,0,5,14,121,7,2,11,76,17,234,300,50,2559,9297,7496,5897,7279,9014,5313,6359,4953,5560,3377,1150,157,353,717,61,68,0,51,13,0,906,592,12,204,4,12,17,22,131,307,5,20,1024,4527,4709,2649,363,1,19,2,73,89,7
23,38,90,14,84,10,16,18,0,8,33,83,564,12,0,36,978,3531,3115,147,0,0,0,0,0,0,0,0,0,0,0,0,0,0,0,0,0,0,0,0,1113,1336,27,39,61,42,54,126,64,19,22,38,22,1,9,193,2324,6621,5286,2963,1334,2306,4208,4535,4971,3640,4864,3965,75,239,439,103,15,12,48,20,1,20,4,2,633,534,235,26,2,2,39,5,0,1867,3229,1360,4157,1785,24,18,27,39,34,2632
109,55,2,15,10,22,20,1,6,36,0,37,45,55,241,2595,2808,5005,4615,101,0,0,0,0,0,0,0,0,0,0,0,0,0,0,0,0,0,0,0,1,3815,2997,27,182,214,124,642,1735,603,202,23,384,346,15,1,72,497,10201,8266,6280,4673,6683,3205,2025,2240,2604,5354,2861,51,5,6,3,8,29,12,14,8,7,21,14,27,817,261,2,2,34,207,189,4,3,22,20,1191,1111,47,45,359,99,1049,5026
38,82,0,1,28,150,10,44,22,19,21,626,1580,246,88,1710,337,3497,1968,0,0,0,0,0,0,0,0,0,0,0,0,0,0,0,0,0,0,0,0,2390,5153,3118,34,2,1,617,4263,2808,3005,16,17,17,21,1845,2044,329,1972,3914,5129,5278,5539,4887,1312,626,293,1432,1936,1114,46,77,40,6,28,10,37,7,1,12,12,36,8,140,37,14,728,1206,3323,1051,35,100,38,7,125,0,28,621,212,50,9,1754
646,1755,0,48,27,41,0,8,5,322,2167,4092,5211,4232,152,2,19,22,1360,0,0,0,0,0,0,0,0,0,0,0,0,0,0,0,0,0,0,0,0,296,1006,138,62,0,40,146,1505,1239,1010,286,392,423,53,925,39,16,1860,4193,3682,5611,4936,2794,592,12,65,273,66,94,439,107,58,7,14,12,11,19,5,0,37,11,13,89,70,276,820,520,1996,2015,28,23,219,120,41,27,2,14,19,28,9,41
65,836,88,68,27,135,16,7,10,711,4294,5723,7044,1588,18,2311,226,20,67,0,0,0,0,0,0,0,0,0,0,0,0,0,0,0,0,0,0,0,8,27,0,59,54,1,27,31,35,167,2364,361,18,43,97,26,65,63,3551,4207,2151,529,4235,4160,4450,27,2548,3500,761,41,13,41,9,10,50,13,56,112,34,423,439,15,72,256,1173,52,19,491,602,114,353,32,12,296,129,22,24,11,38,2,4,11
2,937,5,11,41,41,12,22,6,829,5599,2233,1177,238,209,419,286,8,0,0,0,0,0,0,0,0,0,0,0,0,0,0,0,0,0,0,0,0,6,15,100,80,8,0,56,11,42,112,161,7,8,5,29,41,91,112,3133,3527,5095,2938,4038,1233,288,56,3144,2250,2093,1315,945,65,75,21,1244,14,214,150,674,804,1656,26,120,182,107,25,79,7,26,14,21,2,6,7,15,63,20,1,31,8,15,33
0,33,37,72,109,2025,2482,279,10,776,939,1599,211,0,0,0,0,0,0,0,0,0,0,0,0,0,0,0,0,0,0,0,0,0,4,0,0,2,23,69,127,206,2206,10,637,50,149,41,8,95,73,82,84,19,8,316,90,53,27,0,117,101,16,24,14,235,652,641,1182,16,0,58,3077,1344,1623,5432,2540,948,264,964,41,6,5,25,11,13,217,195,760,21,251,14,4,6,4,40,61,10,64,277
0,0,4,2,1,10,556,282,0,0,0,0,0,0,0,0,0,0,0,0,0,0,0,0,0,0,0,0,0,0,0,0,0,58,10,7,76,29,10,0,0,11,1897,1830,599,685,65,15,4,36,117,154,657,523,150,8,20,11,40,40,113,8,56,8,26,4,60,0,12,444,4,35,4086,3208,5283,6354,674,438,15,13,228,0,6,25,115,92,464,245,401,334,124,316,37,6,50,86,605,391,45,0
0,0,0,0,0,0,0,0,0,0,0,0,0,0,0,0,0,0,0,0,0,0,0,0,0,0,0,0,0,0,0,0,0,546,7,250,2313,35,30,57,52,103,9,277,775,5,9,52,1,9,14,28,29,100,220,50,22,9,0,29,12,141,75,85,246,12,3,27,1,414,128,1955,4558,7928,4977,3648,924,2117,44,61,68,0,5,247,0,4,11,197,39,514,2268,3548,72,16,52,32,181,254,31,0
0,0,0,0,0,0,0,0,0,0,0,0,0,0,0,0,0,0,0,0,0,0,0,0,0,0,0,0,0,0,0,0,26,1035,192,3848,5791,2014,10,98,72,9,14,1206,627,76,161,184,13,192,60,62,2,29,29,37,118,530,31,163,45,305,414,17,13,3,2,22,1,5,7,132,4216,4810,4032,727,240,315,61,10,34,1,1,21,9,24,21,429,114,42,4114,3034,87,10,2,24,43,39,16,2
0,0,0,0,0,0,0,0,0,0,0,0,0,0,0,0,0,0,0,0,0,0,0,0,0,0,0,0,0,0,181,2734,1481,2964,3595,4137,4218,1469,63,42,36,0,14,74,253,16,798,857,14,54,9,21,26,132,20,121,121,166,59,222,204,49,38,6,50,6,251,35,3,25,1,140,301,3620,2331,3293,1012,346,61,28,17,37,138,107,38,6,900,34,33,481,958,2017,114,41,12,70,13,580,562,42
0,0,0,0,0,0,0,0,0,0,0,0,0,0,0,0,0,0,0,0,0,0,0,0,0,0,0,0,0,0,0,1237,6252,4440,3716,6288,1414,722,18,35,6,13,3,40,35,102,35,52,23,7,9,132,19,10,13,318,340,10,59,9,46,55,33,83,1,2,27,1,0,3,61,1,9,1659,689,99,42,184,101,214,953,792,2663,846,23,253,550,19,27,6,39,2028,73,189,375,60,8,56,604,1065
0,0,0,0,0,0,0,0,0,0,0,0,0,0,0,0,0,0,0,0,0,0,6,0,0,0,0,0,0,0,0,1588,5126,1312,119,315,841,35,80,15,1,10,35,42,124,1088,254,104,1,27,7,15,51,18,35,18,3,1,62,83,10,13,41,24,31,293,611,25,12,176,43,52,31,62,38,63,126,110,555,426,221,208,2225,1501,9,1086,575,11,4,784,47,19,97,177,87,3,90,127,18,161
0,0,0,0,0,0,0,0,0,0,0,0,0,0,0,0,0,0,0,0,0,0,0,0,0,0,0,0,1,0,0,1095,4658,1650,65,649,1033,777,443,1617,73,370,630,126,459,80,38,119,147,80,258,4,10,45,4,11,0,5,1094,95,0,126,1032,166,44,14,542,144,67,253,103,72,3,40,18,12,4,79,243,58,905,150,523,455,5,987,2051,887,160,60,137,29,33,12,11,0,106,6,36,76
0,0,0,0,0,0,0,0,0,0,0,0,0,0,0,0,0,0,0,0,0,0,0,0,0,0,0,0,0,8,20,1208,1790,3050,384,770,43,27,36,171,72,558,215,115,57,58,2,8,8,158,495,26,187,49,25,27,1,44,9,1,6,131,970,115,1371,69,1311,554,141,194,26,43,8,291,124,4,53,248,20,22,33,16,7,213,1492,3863,3074,2638,55,74,26,100,73,30,222,24,34,5,25,1244
0,0,0,0,0,0,0,0,0,0,0,0,0,0,0,0,0,0,0,0,0,0,0,0,0,0,0,0,0,33,0,0,174,553,122,5,3,54,9,0,33,800,1388,58,804,26,0,0,1,15,17,6,68,98,233,69,20,2,0,15,16,43,316,363,203,75,81,185,239,515,4097,1355,0,7,13,5,2,24,3,24,37,40,81,115,3985,4329,3720,688,8,44,440,23,162,22,16,5,203,378,94,70
0,0,0,0,0,0,0,0,0,0,0,0,0,0,0,0,0,0,0,0,0,0,0,0,0,0,0,0,0,107,9,2,17,116,492,36,2,4,8,46,25,205,128,21,27,13,14,3,1,10,8,13,12,15,137,71,316,87,25,224,0,0,42,32,1674,2461,6,22,302,104,171,261,85,7,10,0,7,136,14,13,0,42,135,604,3484,4618,296,22,19,10,317,5,12,10,9,7,96,10,40,13
0,0,0,0,0,0,0,0,0,0,0,0,0,0,0,0,0,0,0,0,0,0,0,0,0,0,0,0,0,285,13,1,27,30,154,0,33,122,54,54,89,9,37,3,0,0,7,5,3,18,3,31,11,3,18,27,362,35,53,19,1,2,255,632,49,1254,862,30,741,1395,51,101,7,0,13,19,62,539,30,3,46,18,26,870,599,1582,95,211,147,18,15,10,8,0,6,7,2,3,27,21
0,0,0,0,0,0,0,0,0,0,0,0,0,0,0,0,0,0,0,0,0,0,0,0,0,0,0,0,0,171,0,18,23,386,170,7,8,2,26,26,6,328,638,1378,99,428,64,0,0,3,17,5,16,5,20,31,4,11,6,159,5,12,56,0,66,2077,3201,2666,1520,1558,877,5,48,277,41,9,1,6,6,53,282,13,68,300,103,235,190,31,1,24,2,7,11,0,9,101,83,42,340,210
0,0,0,0,0,0,0,0,0,0,0,0,0,0,0,0,0,0,0,0,0,0,0,0,0,0,0,0,0,199,8,0,19,107,37,33,42,10,109,12,205,7,0,5,55,2972,1293,5,5,6,0,2,0,5,23,0,4,23,10,255,17,44,205,57,96,2455,2295,1421,747,16,9,37,46,12,4,1,13,60,7,43,687,27,2,4,13,19,267,92,19,6,4,10,264,350,26,22,102,551,58,420
0,0,0,0,0,0,0,0,0,0,0,0,0,0,0,0,0,0,0,0,0,0,0,0,0,0,0,0,0,773,12,1,24,109,255,72,360,122,114,163,35,194,32,4,9,544,136,12,0,0,11,5,10,5,15,3,0,2,17,97,29,0,4,7,204,62,93,43,55,268,10,20,8,0,15,11,6,18,4,119,154,9,36,48,0,57,888,524,13,3,69,1126,56,7,0,1,0,10,2,2
0,0,0,0,0,0,0,0,0,0,0,0,0,0,0,0,0,0,0,0,0,0,0,0,0,0,0,0,0,461,815,8,315,91,218,146,31,11,6,77,198,29,12,30,19,0,39,331,3,3,5,4,102,2,0,1,6,15,36,23,15,27,75,46,957,480,35,12,4,32,2,16,18,1,4,250,1,5,62,68,526,5,63,23,21,13,3646,4823,60,1,12,8,9,3,1,0,0,0,4,0
0,0,0,0,0,0,0,0,0,0,0,0,0,0,0,0,0,0,0,0,0,0,0,0,0,0,0,0,0,0,2391,257,3,525,36,30,5,5,0,11,129,74,7,63,19,13,29,747,152,0,2,0,98,34,40,4,11,35,10,2,5,2,34,29,362,783,15,117,35,65,11,9,2,1,8,83,13,2,113,11,9,28,72,32,76,330,3715,823,4,0,0,0,0,0,0,0,0,11,0,0
0,0,0,0,0,0,0,0,0,0,0,0,0,0,0,0,0,0,0,0,0,0,0,0,0,0,0,0,0,0,2701,2949,56,74,77,23,29,5,1,1,0,53,71,154,94,5,3,9,70,37,98,1,14,9,1,13,11,12,3,9,16,207,299,39,63,23,208,590,1357,512,91,17,235,80,104,67,41,558,1665,1222,40,21,22,97,814,856,171,0,0,0,0,0,0,0,0,0,0,0,0,0
0,0,0,0,0,0,0,0,0,0,0,0,0,0,0,0,0,0,0,0,0,0,0,0,0,0,0,0,0,0,2726,3313,456,98,1,54,24,261,49,0,0,64,9,137,2,4,0,4,0,289,369,4,2,0,11,10,5,1,29,5,10,5,115,48,165,9,35,59,292,14,11,14,170,3,0,45,1970,4248,3010,2045,44,57,4,65,18,4,12,6,3,0,0,1,0,0,0,0,6,1,1,0
0,0,0,0,0,0,0,0,0,0,0,0,0,0,0,0,0,0,0,0,0,0,0,0,0,0,0,0,0,0,0,3454,1559,54,58,255,112,256,280,21,166,289,167,1085,91,11,2,0,0,2,19,353,29,333,48,21,3,136,21,0,19,3,204,559,77,44,321,26,228,179,5,32,32,55,13,22,2620,4825,2265,155,5,50,471,27,1,5,262,5,1,2,0,0,0,0,0,0,0,0,1,0
0,0,0,0,0,0,0,0,0,0,0,0,0,0,0,0,0,0,0,0,0,0,0,0,0,0,0,11,0,4,19,574,68,20,116,24,10,4,42,18,33,107,69,33,52,79,185,6,1,4,4,54,26,791,980,1839,1179,699,60,18,7,10,0,1,11,31,426,28,63,15,5,78,10,6,17,4,823,749,312,7,35,80,37,5,0,8,26,174,109,117,2,0,0,0,0,0,0,0,0,0
0,0,0,0,0,0,0,0,0,0,0,0,0,0,0,0,4,0,0,1,0,0,17,48,1,0,3,11,0,1,437,539,18,85,557,5,3,1,0,0,0,0,0,4,73,45,28,87,74,215,80,733,104,1953,3450,324,321,2,6,7,13,26,34,15,10,9,7,1,34,23,0,0,19,577,43,28,38,92,18,16,23,189,185,15,0,112,1585,2685,1469,322,3,0,0,0,0,0,0,0,0,0
14,0,0,0,0,0,0,0,0,0,0,0,0,0,9,0,15,0,1,125,73,57,18,13,1,5,0,0,28,47,38,43,75,11,243,15,0,7,7,4,1,1,3,24,7,0,7,1,10,2,48,18,31,111,139,3,113,153,329,219,41,337,130,22,32,86,8,91,31,4,0,2,23,181,34,25,8,27,11,41,18,5,97,32,28,1050,4140,2248,2295,647,15,9,1,13,0,0,0,0,0,153
3,55,69,83,0,14,447,1309,2,15,9,13,0,68,112,15,19,0,16,141,413,19,3,53,138,2,0,0,5,369,3,1,16,0,2,0,1,0,38,136,106,1,1,12,8,0,0,0,1,0,18,20,503,145,21,24,0,19,6,10,838,4503,1588,98,284,39,231,42,82,0,4,14,17,10,181,41,6,60,4,7,19,2,0,0,0,3,430,106,8,102,89,6,0,3,4,4,0,0,26,119
562,145,24,147,1,15,138,1740,303,32,29,37,2,17,96,104,7,24,9,47,303,22,21,11,6,682,40,0,10,384,157,4,1,37,27,7,2,0,2,66,14,14,17,190,18,2,5,138,39,15,19,75,22,8,0,17,16,19,18,20,5,805,1632,288,17,21,17,28,8,11,3,23,11,17,1,6,24,6,2,0,15,0,4,0,0,78,243,0,3,286,46,0,512,104,16,0,0,0,0,1
9,168,37,170,451,56,8,824,1007,1,168,44,0,0,28,163,11,8,4,12,10,16,46,24,17,22,0,0,0,0,54,576,1274,21,1233,27,0,1,0,4,0,0,21,18,510,389,61,1,6,1,3,3,0,0,3,12,245,15,105,99,8,43,93,3,22,5,39,12,3,14,60,278,0,4,135,12,7,7,9,1,25,135,77,0,16,0,92,29,8,125,218,59,8,45,79,5,1,8,2,3
4,11,8,40,114,91,7,456,381,15,19,13,0,0,3,50,21,13,181,30,1,136,40,13,5,123,2,0,0,7,0,43,4,16,877,476,86,151,39,23,0,0,0,0,2,21,7,15,2,6,602,141,2,5,10,4,22,47,107,375,40,12,15,79,7,6,5,0,15,5,12,13,0,26,80,0,2,24,16,6,0,36,5,8,7,11,120,126,0,7,2,17,3,129,77,35,251,4,6,0
0,53,23,91,44,23,37,9,37,39,151,107,0,0,0,0,0,8,509,751,7,64,19,8,100,1319,558,47,45,187,22,17,72,75,211,16,23,513,245,514,4,8,0,8,15,2,3,27,4,1674,2380,28,21,16,0,14,41,50,12,0,5,52,84,9,521,224,2,73,19,119,12,110,22,8,10,9,3,5,0,8,142,8,0,0,4,0,13,7,1,3,1,0,2,4,9,47,353,217,0,2
0,23,20,222,7,7,27,0,6,50,36,14,22,0,0,0,0,26,56,36,32,2,18,31,25,41,30,24,79,2325,319,1538,172,47,1,11,213,40,49,37,0,416,4,2,22,0,5,4,90,2208,1318,212,30,28,284,109,9,7,13,12,24,26,4,20,1213,41,6,17,122,0,1,8,7,18,2,14,3,0,7,10,118,5,0,0,1,5,45,0,0,4,1,1,0,0,11,7,7,90,73,27
0,8,20,21,0,24,1,109,2,276,126,39,10,32,0,0,4,11,57,5,17,24,43,142,11,10,31,179,2220,5738,2786,5662,585,253,90,3,1,47,12,45,3,79,103,544,45,6,12,581,893,45,1,80,7,49,32,52,11,23,12,57,22,5,6,40,26,0,54,9,35,6,7,8,39,32,2,13,2,19,0,14,0,0,0,1,100,118,0,0,0,0,0,0,0,0,0,0,0,1,4,13
17,14,11,44,14,1,0,9,3,19,49,29,0,203,61,9,6,0,5,24,9,63,295,130,14,16,7,1323,2258,2358,3458,4237,26,19,0,0,9,60,0,131,60,121,144,243,11,290,691,2536,2826,1498,6,0,0,0,29,29,79,16,22,59,75,13,312,49,8,51,39,22,10,8,13,43,70,10,15,1,7,54,10,9,11,11,0,2,9,4,1,0,13,0,0,0,0,0,1,0,0,0,0,0
0,8,9,15,0,2,0,3,14,7,26,17,6,4,36,18,0,0,7,37,10,7,18,27,31,84,19,35,149,3923,2091,179,39,3,237,327,0,0,0,0,34,2,1,13,49,9,7,2150,1410,14,43,5,0,39,67,89,33,19,31,27,16,0,73,20,16,55,29,44,1048,1,4,21,36,4,2,0,0,193,77,0,0,0,0,0,2,0,6,0,5,2,0,0,0,1,0,0,0,5,6,0
2,9,4,6,1,9,1,0,18,4,1,28,0,52,9,32,0,0,0,12,45,12,11,34,100,131,6,29,35,251,440,119,0,12,468,644,14,16,0,0,1,9,7,1,0,0,7,20,53,1,8,12,3,78,415,110,7,24,25,21,0,2,139,13,6,26,36,656,914,16,0,5,22,5,3,1,0,23,20,9,0,0,2,9,0,0,0,0,5,9,12,38,0,0,5,0,3,0,0,0
2,8,7,1,1,16,0,6,16,12,20,5,6,23,13,75,190,51,2,8,47,9,7,21,4,7,15,7,370,984,25,13,19,39,9,6,2,167,37,1,1,0,0,0,0,0,0,0,48,135,2,121,553,2,10,32,3,5,50,13,4,3,72,309,46,21,32,338,21,90,30,32,16,18,0,5,20,14,13,0,27,3,0,0,0,0,0,0,0,2,30,49,46,51,5,11,31,19,0,7
1,2,1,4,1,4,10,6,84,16,55,2,200,9,28,46,16,39,0,0,0,10,22,15,16,11,0,28,886,924,4,21,94,224,37,6,56,457,32,0,0,6,27,70,0,0,2,109,195,56,2,9,56,58,253,12,16,53,20,20,60,4,36,1394,1142,22,0,11,20,0,30,13,72,34,1,3,21,67,49,6,467,1727,74,6,16,36,9,17,8,0,82,325,17,35,0,2,243,172,95,13
7,7,13,0,1,1,11,0,11,13,8,14,54,19,35,88,21,7,20,9,10,5,19,8,10,11,13,30,23,155,54,6,0,15,35,10,0,60,524,0,18,8,175,35,28,0,6,31,33,14,1,0,31,48,248,67,128,80,12,59,30,20,18,272,52,15,23,68,35,3,4,11,49,45,2,51,153,389,212,24,2,416,103,15,33,50,0,174,27,6,0,4,48,23,8,24,1,3,63,46
3,0,2,1,16,35,1,11,0,22,40,22,19,18,19,39,143,225,4,25,16,23,29,6,22,1,5,91,31,186,92,24,0,8,0,104,17,53,9,0,7,3,115,18,19,15,3,9,26,65,0,0,18,8,723,158,86,75,21,16,2,3,0,50,37,16,10,10,26,13,7,31,23,31,18,28,204,479,82,11,31,29,20,21,10,1,20,103,186,0,1,0,7,85,57,4,3,15,16,5
6,14,24,12,93,9,17,209,1,8,4,26,28,20,29,217,1044,706,3,70,86,280,234,20,4,21,18,151,86,49,73,7,0,45,31,57,57,31,0,172,143,6,48,104,10,7,27,0,165,0,22,1,102,59,39,12,15,11,21,4,66,61,2,318,32,64,6,59,0,3,53,42,132,27,50,1,31,1,43,18,21,11,19,9,18,1,10,24,70,16,5,21,4,125,1821,71,23,41,28,262
10,15,0,1,28,30,24,308,556,50,9,108,141,39,116,23,75,335,24,21,35,110,60,53,73,71,151,66,40,58,81,48,59,112,97,15,62,47,0,5,40,65,100,27,198,108,35,547,3041,635,8,19,143,574,70,24,112,47,4,3,52,2,14,46,34,27,7,6,18,78,1250,3354,289,29,18,0,11,6,8,114,50,7,15,15,2,23,21,66,0,5,37,63,24,7,182,55,1,35,61,25
7,6,11,18,46,19,20,157,1327,25,32,5,12,35,74,8,1845,486,217,314,45,30,202,966,164,575,22,229,23,15,9,12,0,33,322,321,0,0,25,10,5,0,1471,267,38,68,0,37,33,17,1,4,13,2,16,0,6,0,1,45,108,25,0,403,44,39,5,79,59,27,15,213,18,28,26,120,9,6,22,19,3286,174,1,9,26,20,35,23,31,17,2,17,51,42,27,62,71,34,8,1
5,7,15,8,15,13,10,10,37,9,8,93,68,67,99,83,14,33,76,834,786,763,3739,5096,1302,1279,133,501,20,13,0,1,11,118,26,23,0,7,4,14,81,490,770,220,51,54,136,34,3,1,1,256,31,11,17,1,0,15,8,108,222,0,0,5,32,56,11,45,123,46,8,1,9,2,0,10,32,9,49,2100,2368,1339,0,12,426,17,19,94,60,62,26,12,24,12,16,61,40,8,0,0
9,11,4,4,34,56,8,10,21,29,11,296,747,12,28,326,15,58,17,1215,321,1776,5408,2708,2240,1054,469,1047,58,37,91,367,341,33,0,0,0,7,419,1051,56,2,3,0,0,4,302,93,95,52,14,30,0,4,51,0,35,53,24,119,265,0,32,140,43,1,1,5,57,121,2,14,7,2,19,31,61,22,5,73,42,1735,107,5,393,182,22,16,8,41,41,80,5,7,7,11,0,0,0,2
30,9,9,32,23,41,4,50,23,43,30,1,25,38,1,24,115,28,41,98,2039,2215,2694,6372,4658,502,1013,105,41,4,27,277,34,18,0,5,4,43,307,83,303,3,81,40,0,0,18,3,11,8,0,1,26,2,129,23,42,302,86,564,21,25,125,1,2,15,25,0,25,193,10,24,6,0,48,141,41,8,21,14,14,4,17,13,190,81,175,41,12,41,102,116,41,4,1,0,0,10,37,124
15,6,58,12,10,9,14,26,10,3,67,66,12,28,143,8,57,22,19,145,2491,3403,2133,1371,3178,16,160,64,41,2,56,61,20,10,61,204,20,5,0,26,6,2,43,22,12,11,216,0,0,0,0,37,1191,7,804,117,10,4,10,13,5,2,6,28,24,4,348,0,50,64,160,48,31,1,14,22,183,21,10,96,243,27,55,49,8,360,2285,1723,94,8,97,143,36,6,1,4,5,41,13,15
0,12,10,3,3,20,17,28,4,26,93,202,26,64,53,59,37,305,31,12,114,1405,332,817,560,32,179,38,37,142,104,53,53,18,49,241,2,0,0,33,3,13,73,0,9,0,103,15,1,23,1,284,598,89,105,5,86,60,79,404,8,7,0,136,8,9,99,10,58,0,1011,102,1,12,3,4,123,31,138,120,33,24,0,26,20,384,1460,983,118,68,326,121,8,8,160,8,13,7,0,4
14,14,0,15,37,103,60,42,14,25,21,22,813,1790,865,316,138,100,26,33,63,656,34,40,66,10,55,10,28,47,12,7,180,31,1,0,55,5,7,308,2,0,1,375,4,2,77,34,0,11,4,23,4,1,35,10,63,18,1,29,206,13,18,20,2,2,3,17,0,7,326,143,0,4,13,13,3,62,26,152,42,89,113,31,5,10,6,72,24,8,64,3,10,0,9,2,0,3,2,0
66,7,28,30,15,3,21,47,10,11,147,120,1800,3039,2577,111,42,466,49,1,24,16,48,21,6,26,10,73,15,39,416,4,112,26,81,89,30,49,72,11,11,49,265,131,4,142,1079,466,55,151,9,0,1,16,1,4,20,47,5,62,17,1,113,18,79,28,53,16,5,4,1,10,396,34,34,14,4,51,10,63,51,45,57,8,438,5,47,102,215,15,1,0,0,1,0,2,4,0,3,0
21,13,7,39,11,23,40,32,27,36,60,41,733,1288,899,10,28,59,19,6,11,88,163,147,1,7,26,38,30,67,45,14,12,0,17,12,4,0,96,5,17,49,21,52,12,18,2446,14,5,579,98,15,257,31,30,21,37,317,23,9,0,5,14,20,6,15,55,682,5,1,13,18,1136,4,1,22,61,502,265,112,25,16,16,11,21,23,21,1,28,0,0,0,0,0,0,15,1,0,5,0
4,1,6,20,16,270,32,24,11,54,45,53,54,11,46,80,47,23,26,59,74,249,3,33,13,8,82,20,34,33,53,52,21,2,0,13,6,95,240,153,2,72,60,121,37,738,47,133,30,11,0,26,240,29,283,67,157,27,17,191,5,4,3,2,0,66,183,1712,85,4,2,4,1,256,30,9,9,448,414,24,7,0,21,59,45,46,55,81,1,3,3,19,0,4,0,119,1,0,36,63
7,19,12,14,9,37,185,63,43,23,36,58,51,6,18,7,5,3,4,17,26,50,5,19,3,9,33,90,3,6,16,95,162,31,111,659,25,28,134,31,509,38,161,972,24,175,109,1275,327,411,30,9,395,3587,3473,2314,4866,2307,36,226,30,0,111,1860,1548,32,6,13,0,83,15,0,2,1850,298,12,12,57,9,2,9,16,14,33,35,82,168,19,0,0,2,163,0,15,72,9,15,69,10,490
8,14,12,10,23,38,207,158,44,42,25,1,1,10,35,11,14,34,3,10,21,18,6,1,2,3,16,25,0,22,36,93,27,12,20,28,18,5,34,7,212,6,586,1002,81,2,135,206,26,321,27,123,1872,4141,4680,3498,5299,1069,69,98,60,0,1305,2852,920,0,3,2,4,0,22,45,37,3,29,14,4,12,213,8,0,51,47,29,17,44,337,10,13,0,0,2,0,18,7,3,13,7,1,140
20,149,51,25,28,6,7,19,53,15,42,6,16,17,33,14,44,46,24,6,8,43,31,16,18,11,52,7,10,48,49,216,567,48,341,264,45,61,44,14,163,35,25,364,64,12,258,314,16,3,678,43,131,182,1896,2265,59,13,14,3,8,7,833,115,14,0,2,41,3,13,8,120,0,21,12,3,17,0,59,443,29,84,9,4,33,8,116,3,0,1,0,1,1,0,27,84,18,21,1,13
36,3,288,869,16,7,41,45,20,31,195,15,19,114,64,63,44,23,16,14,9,13,12,39,28,10,22,49,25,11,10,72,484,189,123,2906,1438,30,3,97,178,27,206,38,4,0,136,101,13,4,4,3,34,1353,2069,53,76,9,770,35,19,2,18,0,6,40,177,15,12,3,1,221,40,8,5,26,26,7,1497,1378,0,49,7,6,10,0,787,43,25,0,2,16,10,4,7,40,24,23,0,9
77,23,61,17,31,60,76,117,14,55,308,25,108,1338,136,13,17,16,62,43,13,16,4,3,34,15,55,68,20,26,17,20,30,43,40,466,300,85,0,32,20,7,24,2,78,7,468,81,11,376,56,443,650,523,230,63,1057,25,26,2,658,6,12,5,265,28,11,15,23,205,5,4,15,16,161,36,13,168,323,2,34,0,140,269,23,61,84,2,0,0,4,20,65,0,10,78,10,44,0,0
558,220,44,3,20,150,1761,224,72,28,12,3,23,47,16,43,22,16,29,34,15,348,14,3,22,153,38,68,15,1,32,13,10,15,31,8,22,130,11,4,33,148,212,240,1547,8,0,25,38,52,50,164,64,167,104,9,15,8,2,27,152,0,50,69,154,13,9,17,14,174,9,19,21,8,5,6,28,84,157,19,21,0,32,647,0,229,73,4,2,0,1,19,74,16,0,6,0,21,5,0
42,11,42,1014,510,28,86,12,214,32,21,15,33,43,22,8,16,6,11,16,38,16,18,2,11,22,10,14,44,53,626,36,5,23,32,22,26,25,31,15,0,10,11,20,68,21,11,157,1,8,56,218,20,26,22,37,10,21,23,126,35,14,0,8,3,36,19,10,24,27,46,11,38,6,7,7,28,21,17,6,558,8,367,6,102,6,15,10,8,12,5,0,1,106,2,0,0,1,132,1
95,17,42,1749,82,37,19,10,13,17,3,30,19,15,21,10,10,11,0,83,12,15,3,16,1,78,22,2,25,27,69,246,71,100,75,61,7,18,31,19,3,10,12,24,1319,18,303,261,15,5,2,2,22,0,6,13,51,10,101,810,95,5,0,1,1,25,10,18,29,35,144,33,129,16,4,52,55,20,6,9,153,24,589,185,7,1,28,0,8,0,0,0,0,60,6,0,1,64,7,30
22,30,17,18,9,42,21,21,5,45,33,26,15,40,11,14,2,9,3,19,21,19,13,38,16,31,56,68,0,8,5,845,3120,1662,35,22,3,0,19,12,12,30,53,912,2775,81,20,178,0,7,28,2,8,1,12,11,14,6,10,9,4,12,2,42,12,25,20,0,26,0,8,8,8,33,141,288,1,6,19,44,2,0,2,0,4,90,437,14,28,37,688,2,41,15,90,0,8,0,1,0
26,42,1111,19,20,58,422,18,38,83,9,72,50,0,30,9,5,10,2,8,60,51,21,25,113,8,13,17,2,39,1,1641,3524,613,49,29,10,37,5,7,5,35,68,262,1589,567,236,6,3,0,2,8,1,93,158,25,0,55,8,20,130,227,141,20,26,27,13,112,17,17,191,27,0,18,445,58,1,12,34,1,0,3,0,0,3,345,37,24,23,66,198,502,777,0,91,0,0,34,59,49
30,1920,1773,277,32,5,60,19,34,1,11,22,10,62,261,4,32,5,2,16,121,24,16,18,18,17,13,11,8,54,1,143,1484,132,60,23,8,19,4,11,10,74,10,27,24,29,21,12,6,1,1,34,26,103,70,18,8,77,26,6,200,0,36,33,32,18,39,32,4,11,1,9,0,26,31,3,4,42,55,3,1,15,12,8,7,5,174,437,1940,2831,42,948,0,0,9,0,8,19,25,50
21,2278,542,18,0,37,34,60,41,15,1,7,9,484,569,25,42,63,6,25,136,11,7,20,18,28,10,5,17,35,8,43,30,49,56,32,28,546,20,5,62,139,10,32,4,12,2,201,57,16,6,4,4,32,9,0,0,18,4,12,10,7,2,13,50,0,19,26,6,63,22,15,19,72,0,26,12,23,6,1,0,7,17,0,2,15,33,226,3577,1860,17,12,6,30,0,7,0,36,172,90
9,13,45,18,10,13,29,75,41,18,37,11,5,13,9,6,10,63,33,7,9,7,19,16,9,11,37,4,2,47,46,3,579,1302,102,20,42,14,21,11,8,208,19,20,7,446,9,9,64,14,11,154,120,9,24,23,7,6,12,12,29,18,7,16,2,18,30,14,81,169,24,28,12,27,5,18,0,0,3,0,1,4,7,73,8,24,4,0,1386,113,25,2,33,53,7,2,13,31,2,0
397,22,58,5,15,31,27,3,46,106,80,0,16,1,8,26,17,27,12,24,25,25,25,22,184,9,22,12,12,16,169,272,77,102,91,25,10,9,31,22,49,90,65,18,23,115,20,0,8,16,1,0,9,1,7,11,1,220,4,59,1,40,0,17,0,37,10,0,36,84,14,7,6,8,0,5,49,0,0,5,10,76,82,395,12,0,14,8,3,346,22,13,181,79,4,0,1,3,3,20
129,33,41,24,13,296,23,28,34,4,29,24,15,33,6,30,16,26,68,22,21,26,19,58,15,3,7,116,58,7,37,132,45,7,8,15,0,346,36,32,21,15,20,7,41,6,14,16,11,6,10,14,2,10,20,3,8,6,11,9,2,2,1,2,1,0,4,0,7,29,22,0,12,11,0,13,160,43,62,11,7,12,4,66,4,0,9,49,24,139,590,8,13,0,0,0,5,0,0,24
40,11,17,19,36,142,18,22,56,22,16,38,33,38,19,59,50,17,24,14,95,27,8,34,34,18,9,57,18,32,64,17,15,18,41,16,33,5,0,17,14,8,43,509,70,12,11,52,83,10,6,1,1,0,0,61,44,2,4,94,10,2,0,0,0,10,2,7,1,70,27,38,10,0,13,72,121,7,36,205,203,69,1,0,2,4,16,14,0,10,63,330,22,1,13,10,0,5,21,16
0,6,31,130,45,6,68,16,351,75,20,26,18,140,69,60,359,279,41,14,26,15,4,49,19,36,18,34,24,53,188,92,21,31,1,6,11,9,7,11,13,0,13,2,8,7,18,1609,1142,7,15,14,3,11,0,0,20,3,3,15,2,0,10,7,0,6,623,2,6,1,8,1,7,1,5,3,0,10,10,28,133,27,0,51,5,12,12,0,1,4,9,97,27,53,104,5,4,11,14,47
5,4,26,37,49,11,10,13,15,53,6,14,132,26,118,2341,3950,317,94,34,57,62,11,31,162,35,2,9,15,8,81,16,17,79,205,32,27,9,87,20,6,3,3,23,25,74,44,36,30,5,3,1,1,120,5,1,0,18,29,22,5,1,4,18,20,6,78,16,19,4,144,3,10,8,5,42,94,4,5,16,23,3,22,408,16,1,1,0,0,0,5,3,9,6,180,119,14,0,64,104
