6,5,51,711,291,295,0,63,0,7,0,159,46,41,4,4,17,32,3,20,232,929,223,17,55,9,0,3,10,0,8,0,9,20,0,0,19,53,162,248,34,25,9,27,23,34,308,5,708,831,1961,433,859,8,11,126,250,1,3,8,9,14,0,0,16,0,3,32,25,35,146,9,122,385,137,13,88,7,23,5,75,32,134,183,429,139,138,247,162,947,321,35,86,518,38,933,1797,884,38,215
17,11,2,6,46,2,18,26,0,2,0,1,1,4,5,10,111,31,0,15,20,2,13,0,7,15,15,14,8,21,7,11,10,0,137,16,12,206,90,720,1125,42,145,136,114,45,22,186,2195,3620,4391,2392,734,71,45,3,25,12,22,85,647,11,7,0,2,0,7,27,0,7,34,10,128,3,3,44,72,3,55,154,95,407,288,1261,150,93,145,451,836,189,59,31,142,19,0,463,2922,3540,189,449
120,8,3,22,645,838,62,18,0,158,429,16,143,2,64,234,11,0,0,0,3,28,30,58,5,19,5,9,18,0,0,165,35,14,201,10,1,2,52,287,187,23,7,68,62,543,0,26,1826,3335,3729,945,10,6,1,20,2,0,0,6,16,3,0,1328,24,1,12,0,11,7,10,368,12,25,12,10,2,24,83,405,149,27,39,420,923,71,688,598,490,301,1592,153,19,34,17,1266,2474,2071,1187,2387
4,5,21,1,924,159,56,92,49,18,0,0,9,5,1,310,265,3,9,0,62,0,9,0,16,13,6,17,2,0,34,24,3,5,22,17,13,19,3,12,0,25,144,23,11,941,8,7,3462,4126,12,8,1,0,10,71,206,2289,0,225,77,21,0,1024,433,5,6,0,69,4,20,0,1,0,10,614,1203,0,339,105,48,1,99,4,488,455,710,213,1888,3697,1383,26,137,53,9,226,9,410,265,646
79,189,73,22,0,8,12,39,34,376,2,16,0,1,206,1,5,34,0,12,14,0,11,0,0,11,3,2,2580,1659,18,2,0,10,31,25,4,3,6,0,0,0,23,11,0,3,0,0,685,1360,305,42,18,31,249,98,187,424,3,1,4,12,3,3,8,33,124,13,63,21,28,0,3,3,18,125,2025,73,414,128,27,47,141,60,583,494,36,174,809,2974,214,7,97,338,248,139,11,2,62,151
5,22,174,0,578,271,13,0,19,125,12,8,0,8,0,7,6,4,6,13,8,0,4,6,0,3,4,52,2249,499,10,22,0,38,96,14,11,162,87,42,0,0,0,6,9,0,7,1452,263,8,354,0,0,0,59,17,1,670,57,118,0,11,47,0,18,144,0,0,1824,564,12,5,9,4,14,13,31,9,117,88,181,126,113,602,3800,3226,2052,3773,2287,2827,2042,1,34,267,121,34,19,54,73,257
7,9,27,0,465,34,17,17,24,2796,1017,14,31,8,0,1,4,175,0,818,1876,5,2,125,0,3,174,130,107,0,3,137,11,942,1051,6,0,16,3,1,206,183,80,10,7,0,1,549,54,277,637,2,312,10,786,19,68,159,66,454,60,7,212,5,0,7,30,132,6,64,7,61,12,2,14,162,0,55,0,55,254,42,11,412,4736,7144,4334,5432,3829,2132,1144,132,39,36,2,3,18,39,2447,1350
43,5,0,7,25,33,105,46,75,47,14,19,16,0,0,0,2,0,55,2467,2543,7,11,4,6,0,0,7,28,51,10,0,0,30,17,16,2,0,28,0,271,454,3,0,17,4,383,345,571,1141,33,0,24,13,6,13,8,0,3,349,4,368,498,83,0,1,17,15,0,33,10,20,52,59,0,50,5,12,91,242,747,608,27,1505,5176,3062,1582,3285,5904,1870,87,2,171,1329,130,15,976,167,473,456
165,24,65,18,3,77,52,0,3,4,8,0,7,14,117,34,7,3,6,69,132,3,0,0,0,58,20,174,18,152,0,51,0,9,0,104,0,36,109,0,13,13,0,2,1,0,535,208,397,5,0,132,2406,788,13,19,13,158,442,114,102,1148,647,1095,410,0,3,2,2,37,29,20,1,23,32,6,102,63,20,9,618,958,0,1939,2951,1914,908,287,1630,3184,389,5,428,2257,1328,55,1209,510,77,870
120,40,548,260,9,11,12,16,83,73,18,1,11,14,534,978,2,193,7,7,107,5,8,14,884,667,42,285,0,1,11,27,2,21,4,32,1,10,1,2453,1640,7,13,0,0,9,1,43,155,0,6,2715,2835,4120,10,17,16,123,487,598,1016,89,89,1250,71,1,7,6,15,71,14,64,0,0,25,6,6,113,35,436,89,7,15,298,5,16,5,9,552,2205,1631,294,1841,1437,2939,274,62,20,373,3293
10,7,1,43,2,85,13,0,16,47,28,2482,3554,4046,1841,265,3,44,17,1,0,0,2,375,465,139,4,4,0,36,703,4,0,6,0,4,20,7,32,1937,1179,0,11,13,69,185,239,164,361,1174,60,3251,4572,3649,3,41,280,9,11,815,4333,847,41,18,12,7,3,17,3,3,97,12,3,9,6,51,4,32,10,50,4,86,10,23,983,10,4,0,27,1947,2208,1964,642,357,596,104,0,49,36,1226
7,1,4,22,7,20,9,36,335,694,25,541,6101,4057,5127,3707,2532,469,16,232,14,2,2,1099,364,1,12,0,1,23,41,20,56,3,37,18,133,164,886,3970,2788,277,68,154,239,497,163,5,192,345,0,363,1096,339,14,212,144,0,15,32,1068,23,309,34,112,38,13,66,463,73,0,22,60,96,8,8,0,34,27,39,2,25,112,37,1723,736,68,76,310,1068,216,1254,28,3,11,14,9,29,91,882
1,5,20,37,11,2,5,321,1483,710,104,6,3455,5076,3154,4160,3998,3217,230,500,54,3,25,143,22,0,1,26,32,100,1,0,101,59,160,130,435,181,472,1399,1689,14,121,9,25,9,22,4,175,3,9,280,0,24,10,2,8,0,30,44,61,67,3,16,5,11,110,57,36,171,57,2,5,0,19,30,0,5,100,10,2,40,125,106,1965,4314,981,53,366,3241,1576,282,150,7,5,9,92,51,30,1312
33,3,29,16,25,21,56,48,115,122,437,2728,137,1906,4567,4103,689,4202,1627,5,0,1,5,144,7,5,0,4,0,0,0,2,1,2,6,0,0,97,430,79,13,3,18,14,50,1,0,8,26,105,26,341,25,413,6,344,2,1,1885,743,55,167,5,1,4,0,10,4,37,187,275,8,2,12,8,85,11,8,164,37,17,17,37,646,2986,3193,118,119,19,528,289,60,14,51,6,136,969,167,53,666
39,21,238,24,0,23,17,63,38,634,1324,4333,365,2998,2427,7029,2222,2395,3838,928,0,25,4,4,0,3,349,0,0,0,0,12,1,2,0,1,14,100,18,19,3,0,0,0,0,2,0,2,419,337,3,2,280,766,2,159,0,16,44,330,26,10,34,137,33,16,26,16,14,16,30,3,139,232,44,49,21,52,134,11,2,467,88,199,266,295,322,644,1247,682,58,35,2,93,3,426,1684,124,157,182
98,417,16,170,9,57,33,215,99,2,1501,3835,3398,3200,6532,6147,5146,5781,3115,1151,18,33,3,8,9,56,56,0,1,0,0,20,0,0,0,0,0,18,3,30,14,0,0,0,2,1,0,0,1,0,4,17,0,30,3,16,9,17,61,108,14,0,3,36,2,10,30,140,165,93,86,6,18,29,82,26,24,12,93,36,177,149,142,132,164,84,303,301,2056,84,14,211,126,51,59,613,1075,1272,938,193
5,14,3,2,5,0,318,2664,55,4,878,5548,2777,999,5402,4411,2637,5319,4642,728,651,657,94,64,407,0,13,1,0,0,0,0,1,0,3,5,2,0,0,0,0,2,4,0,3,0,0,1,0,0,0,20,0,0,1,7,0,17,154,408,275,6,0,5,17,25,267,117,199,18,42,97,16,17,130,1187,178,43,10,6,8,105,524,7,5,61,161,233,799,303,514,14,1236,696,56,903,511,823,677,304
24,24,9,39,5,12,2497,3318,982,14,84,22,5,4,898,825,1229,389,607,963,385,50,2,5,0,1,5,0,1,0,11,0,35,0,0,3,0,0,3,25,0,4,6,24,0,1,11,291,0,0,1,0,0,0,0,0,1,5,10,6,45,26,11,59,376,42,28,33,213,147,9,56,105,0,13,2363,2387,58,164,5,21,11,61,44,17,93,1507,2751,5072,1537,901,320,2148,2795,4845,6257,3535,216,783,323
28,13,11,17,52,29,737,595,12,2,11,11,13,831,2204,121,69,15,11,48,339,21,97,47,0,0,1,0,8,6,8,0,0,12,0,4,8,0,0,80,0,6,3,39,0,0,2,21,2,323,2,0,4,0,6,3,29,52,80,353,1585,45,20,270,1665,261,8,13,34,164,602,193,12,14,768,2489,2356,62,25,78,45,0,39,118,108,454,4516,5176,4376,3800,835,109,4625,5649,3162,2934,7297,5442,3321,1930
3,8,16,48,8,14,1,29,13,15,0,34,11,344,2797,213,5,55,46,252,10,0,4,10,4,5,44,0,0,14,19,162,6,34,13,1,0,4,6,13,2,18,3,4,3,1,1,0,0,200,0,109,274,2,9,7,3,4,230,751,831,36,23,243,73,1,3,7,118,184,2389,507,11,18,46,112,72,141,53,86,60,115,45,177,207,98,2809,5614,3552,1706,210,207,93,3564,7303,2716,4337,7058,5427,4657
609,171,424,87,39,9,0,18,78,9,6,11,12,23,385,207,600,0,1466,489,0,0,8,0,0,0,3,6,1,0,1,18,882,201,26,1,2,13,2,6,0,6,183,16,16,1,5,6,0,0,0,499,595,27,17,168,56,0,40,29,49,26,8,143,379,74,16,67,48,212,890,364,36,9,69,29,101,1212,76,262,20,75,506,97,16,474,4482,3346,701,624,648,509,165,54,1617,3887,6010,7397,5252,4954
3,496,2260,400,15,21,85,27,164,43,0,0,0,4,14,0,85,4,120,5,0,0,1,0,0,9,0,97,139,4,0,6,1597,398,0,0,0,0,3,35,4,3,91,28,18,6,2,17,23,17,6,0,42,0,11,26,1,23,10,2,132,73,14,139,51,56,7,12,15,37,34,48,20,46,434,88,639,131,1149,1320,160,154,0,11,18,448,1420,15,28,1404,1556,455,2,77,1809,573,384,177,207,2040
6,491,33,26,6,4,46,10,63,161,22,19,58,3,4,1,4,5,66,18,13,0,37,0,11,3,2,228,197,13,40,10,0,0,204,2,37,13,0,12,14,382,13,17,22,237,9,0,220,1,3,3,8,10,7,0,32,5,1,149,14,36,27,693,34,29,0,22,15,398,241,437,927,96,58,6,20,27,432,140,131,60,90,99,112,150,0,12,141,1302,163,245,66,463,593,704,2179,38,1166,1116
21,89,136,7,7,7,10,60,0,1,500,31,2,0,1,2,1,0,2,20,2,13,2,2,0,1,466,10,0,1,35,22,3,0,36,25,373,3,7,28,6,36,37,174,46,39,37,29,208,20,14,3,368,258,34,5,141,96,269,478,32,58,89,1578,706,706,1614,25,3,844,2648,2552,2672,1506,90,28,7,789,1586,1819,44,29,151,148,55,29,127,159,60,56,401,76,178,3944,4903,4158,5767,55,703,1820
10,24,255,8,7,25,16,0,0,23,51,0,6,0,0,30,0,0,15,2,0,1,4,7,4,2,1164,0,5,0,0,62,49,8,0,14,1,9,738,0,4,4,0,23,16,4,0,167,131,0,16,10,14,27,1,0,5,53,0,56,436,219,206,235,26,1482,3242,494,0,645,3279,3841,3169,1172,5,413,505,2147,566,2796,19,17,116,145,21,26,17,82,0,28,16,30,12,1500,3444,2387,2744,93,84,282
9,18,12,11,15,1,0,0,10,18,49,4,0,2,5,0,0,0,0,154,209,4,6,10,5,7,16,5,12,5,9,8,0,45,41,17,3,0,28,20,1,1,0,8,0,32,15,471,36,5,54,3,23,13,11,269,101,38,27,16,42,53,34,263,45,1486,4774,4068,2396,190,389,4921,4341,447,0,895,1968,541,16,703,58,10,97,190,5,41,7,38,10,0,0,6,8,10,32,0,2,47,2794,1099
13,0,20,26,0,1,0,0,0,42,0,1,1,14,0,0,0,0,11,35,15,1,0,6,0,1,0,6,16,7,22,2,0,24,23,11,60,5,18,66,22,8,0,8,8,1,2,298,60,96,264,1082,7,23,101,72,9,10,0,11,49,19,1,0,2,1936,4677,4399,6305,9213,7884,2949,5699,5511,3015,3480,3262,4547,60,647,144,6,0,14,41,16,89,7,38,44,71,83,425,1,5,5,0,104,1024,846
215,20,5,123,0,4,0,0,5,31,39,0,0,6,9,0,0,0,157,50,21,5,1,0,3,1,16,71,116,21,0,16,15,12,0,8,10,7,2,74,20,61,42,0,8,64,27,28,87,682,616,23,70,26,62,2,2,2,15,7,835,29,97,72,7,1772,2746,1958,3006,3536,5598,8564,4413,6672,5135,3573,4836,1964,101,82,83,12,12,44,50,27,78,14,45,313,148,30,380,29,25,176,3,56,133,103
2779,4,19,29,4,20,114,0,0,60,31,2,1,0,0,4,14,11,140,8,1,21,4,0,1,4,37,1077,300,7,1,0,0,2,1,128,0,0,0,160,2,6,236,65,7,32,223,28,50,234,707,3,35,15,0,22,15,126,169,38,84,2,34,606,1868,1448,2612,3192,2699,1429,706,1678,5595,925,2798,3993,2688,1062,1119,119,9,20,135,114,1609,49,62,457,204,284,10,43,202,59,1,7,69,52,699,2035
2538,96,498,448,33,2,0,0,5,1,67,6,0,0,0,74,3,10,146,23,7,12,12,56,51,6,19,16,1,0,62,42,281,24,24,16,0,11,44,2,8,10,17,13,7,13,31,15,34,45,220,366,13,94,27,69,57,31,149,729,13,15,21,324,59,4,17,74,60,3,5,2794,4401,4898,4569,6308,1946,2934,2961,933,193,37,62,305,1479,2060,3229,2889,3335,1848,274,1401,476,6,20,0,7,11,2289,4399
1220,234,79,47,0,0,0,0,17,222,40,0,0,1,13,1,19,105,1526,1862,305,182,37,20,2,4,4,17,0,4,4,2,2,66,329,11,17,2,0,31,19,42,21,19,21,86,234,13,80,74,367,868,26,110,90,11,122,299,57,88,54,8,37,15,62,65,2,31,3,30,1,1980,4882,2737,1252,851,132,742,910,3349,1982,3300,2342,32,1370,2601,2377,3202,3561,1157,2852,2617,59,126,590,6,14,10,26,135
39,37,34,13,0,0,0,0,92,9,4,18,5,77,143,42,173,1002,1456,1743,369,9,0,5,2,0,4,4,0,187,34,3,94,2855,444,19,2,12,2,24,34,38,10,316,65,792,1802,1454,2051,553,1827,2962,530,376,551,46,88,145,356,310,70,55,6,124,25,387,316,45,5,0,23,684,1689,1944,28,17,48,12,798,4111,3043,3326,3118,174,1578,225,3426,2903,4742,450,792,778,1174,1040,287,85,37,64,325,799
82,1,2,0,0,0,0,2,0,1,6,95,20,246,164,77,1,10,0,1,1,1,1,0,5,7,4,13,0,89,35,4,0,1514,135,13,13,1,157,10,0,11,26,46,1,285,2600,2778,3119,1435,3635,4844,3526,329,9,132,64,202,37,319,451,0,46,199,787,2572,325,76,16,43,110,1174,199,566,19,278,77,19,1817,735,1699,509,216,23,263,5561,4842,4292,4507,10,54,585,1536,2502,1180,1071,269,143,211,1588
81,0,1,0,5,0,0,0,0,0,4,2,10,0,26,10,8,0,4,4,20,5,0,8,0,7,2,74,6,33,0,0,18,17,22,9,16,63,1676,193,7,26,43,5,5,313,4915,4099,1115,20,2,2896,3867,182,42,67,12,406,79,18,283,135,11,14,1098,1283,151,18,3,117,12,1721,708,33,1,88,1139,215,64,655,1013,8,69,55,33,3536,4902,2962,1536,0,18,46,734,217,995,1454,181,34,75,328
0,0,0,5,0,1,1,0,0,0,4,0,0,9,0,0,11,53,9,0,27,0,0,0,15,9,34,11,47,61,8,20,8,0,20,37,23,18,92,18,14,141,25,47,38,1366,2742,3250,1048,256,25,17,37,18,0,73,0,23,76,162,18,35,38,0,84,112,53,14,46,5,164,294,102,32,51,234,1898,185,125,4176,1512,237,305,1883,216,15,0,2,0,1,25,3,267,81,126,15,1,5,139,47
0,10,0,144,55,0,5,0,0,7,0,1,0,0,0,3,2,0,7,0,0,2,17,10,1,4,26,751,310,10,0,17,15,8,0,105,101,338,106,6,6,18,23,74,61,2621,91,537,4,0,37,16,35,268,99,181,77,20,4,4,40,102,30,116,1426,1879,254,60,7,180,54,71,542,33,31,188,6,179,720,1144,607,801,1243,3372,2031,109,0,0,0,0,11,111,1113,408,314,54,25,0,0,7
13,47,95,170,83,24,32,8,0,2,0,0,0,0,34,128,14,0,7,131,6,8,6,37,0,2,6,90,16,4,19,141,60,62,13,9,37,112,59,37,9,261,191,66,316,469,142,152,46,104,212,95,36,7,8,31,50,37,7,69,20,89,0,59,5,26,10,20,3,22,9,13,428,103,14,86,122,44,42,345,103,136,891,2212,1790,71,0,0,0,0,645,1987,50,1563,452,78,76,175,39,60
188,1672,1491,18,65,2,18,140,5,132,93,45,2,26,17,128,13,41,16,71,5,0,186,42,1,1,26,5,1,14,9,209,9,39,0,0,0,0,7,4,56,136,65,951,9,47,174,150,33,135,302,346,96,47,24,135,88,810,2363,1971,417,1620,222,24,8,10,18,3,3,36,10,44,61,17,19,0,334,334,28,251,35,33,808,1837,2556,3165,0,108,528,1375,978,1854,2043,702,14,28,125,2052,163,66
2649,3964,23,15,114,0,34,390,5,29,106,6,0,50,132,53,4,46,90,14,92,25,153,887,18,1,153,15,3,1,0,22,3,6,15,0,0,8,0,1,35,95,435,742,575,72,209,253,0,14,51,89,111,50,21,144,69,156,577,3259,3327,207,537,16,42,27,42,21,73,36,10,4,20,7,35,8,21,39,330,598,1277,1471,803,2813,3993,2841,802,1854,2970,2662,602,1005,2416,778,846,263,166,286,210,44
2810,2831,159,0,107,25,0,6,8,1,38,38,1,8,25,822,1588,98,279,58,126,0,15,350,51,181,175,0,24,0,1,0,3,9,5,0,6,11,2,0,1,12,14,469,25,5,178,26,6,19,92,31,10,1,10,41,42,16,52,300,623,0,52,39,1,3,20,21,8,12,22,29,114,44,10,20,0,15,38,123,3250,3624,2058,1685,4113,936,2190,2787,2290,1611,2127,1,0,567,2123,624,262,199,112,252
332,56,12,96,69,5,1,0,73,16,197,208,20,74,32,189,817,7,0,0,0,1,2,0,5,1,0,36,17,0,36,0,15,13,0,0,0,0,0,0,2,1,16,91,14,45,34,15,1,196,65,36,847,59,8,57,64,51,63,14,111,136,257,61,141,1773,55,4,7,68,12,21,125,36,97,20,2,0,9,7,767,1853,124,214,2431,1686,2653,2508,2304,1515,3580,0,0,23,1253,2116,216,2461,1490,3990
24,5,9,0,12,4,0,158,40,14,112,48,20,133,39,0,0,1,0,0,1,1,19,2,0,0,2,11,7,10,3,28,1,6,14,12,49,0,27,34,0,4,1,24,8,6,15,17,3,7,1,0,1467,710,23,60,34,41,104,60,80,109,14,20,135,714,1272,616,212,40,14,9,64,78,42,14,21,66,48,2,1,41,173,2,5,1156,2173,1854,3820,396,455,165,0,8,285,1407,5746,5910,5514,4618
16,0,8,299,342,106,61,365,66,64,36,0,13,55,4,0,1,0,0,12,0,3,3,5,42,2,0,7,0,0,0,7,3,13,46,19,2,13,4,5,0,126,11,6,10,19,32,33,12,3,0,0,42,0,43,0,0,0,85,314,24,20,17,7,52,24,9,351,199,61,18,22,23,44,74,178,1254,152,26,3,4,1,10,24,2040,5496,5397,1985,3755,1305,1234,563,83,816,536,1505,1728,1867,1479,3031
0,16,2,114,130,0,0,13,0,2,1,71,69,110,0,2,0,0,0,3,0,2,0,159,124,3,0,1,2,0,0,0,0,109,251,11,0,0,0,7,16,8,20,26,0,1,2,0,0,0,0,0,14,6,3,0,52,10,3,17,187,47,0,29,0,33,1397,103,17,18,11,355,23,4,96,185,2174,55,29,11,35,88,38,2,4480,4868,3828,1522,1596,608,92,13,196,852,609,80,143,209,685,870
53,256,185,0,1,0,0,0,1,1,1,11,70,313,0,308,70,0,0,0,1,9,0,155,1,0,0,1,1,0,4,0,15,0,17,41,48,0,0,6,1,0,1,0,0,0,0,0,1,10,14,2,3,134,61,0,12,0,4,7,14,227,729,21,9,2583,2649,39,12,0,36,55,117,54,13,372,380,3,18,2213,3088,1681,1106,353,3699,4410,2655,3431,2256,1188,4,0,2,62,453,175,203,40,112,403
137,1526,421,0,0,0,0,0,0,0,2,0,1,343,120,30,0,0,12,7,16,0,9,0,442,25,42,0,7,21,4,3,6,0,0,11,13,4,7,7,19,4,6,23,18,0,9,9,9,3,0,13,3,42,0,0,23,18,21,0,1,130,58,4015,3677,1848,1418,0,8,19,66,1044,3277,2463,20,36,202,106,79,840,2199,3318,1465,0,109,719,648,3942,2473,1066,22,1,3,16,144,174,422,200,82,105
741,76,0,0,0,0,0,0,0,0,0,0,0,9,4,0,14,0,0,6,163,0,16,66,299,13,6,0,1,159,48,80,2,0,0,13,10,127,557,0,2,15,55,24,14,20,35,2,0,0,0,13,1,2,8,20,4,0,20,104,100,4699,1478,4537,4518,1773,1504,37,29,120,237,393,441,19,62,30,32,43,83,1411,3038,3398,1084,0,0,1,621,3367,1686,1498,1,0,3,6,13,2,131,329,51,551
152,18,0,0,3,0,0,0,0,0,0,0,3,80,41,0,10,2,0,0,0,0,0,16,3,1,0,0,0,0,10,2,48,16,28,17,5,0,5,11,40,6,11,28,0,2,0,2,0,19,11,4,1,0,0,17,33,0,11,8,1331,3405,1118,4761,2607,337,1294,1468,82,58,77,4,45,154,53,26,15,11,100,861,3196,4268,629,0,0,3,94,492,1561,2205,5,44,63,36,81,228,1198,973,5302,2263
0,4,0,0,0,0,0,0,0,0,0,0,0,64,291,0,3,18,6,1,0,0,0,0,2,0,159,14,0,5,74,14,4,44,0,44,9,4,10,10,218,62,5,1,4,0,11,13,18,2,0,0,0,38,0,7,27,499,179,26,4604,4689,4110,3652,2159,481,296,285,201,29,15,149,223,1117,912,84,19,28,2,127,3552,1234,26,0,0,816,696,2472,2143,3081,649,179,392,335,387,245,363,3527,5859,3425
5,9,3,1,0,0,0,0,0,0,0,0,0,0,40,24,0,0,0,0,0,0,4,3,1,33,2433,1764,16,47,9,0,37,23,177,97,0,4,9,4,41,226,377,17,1,0,30,6,4,0,5,634,20,4,48,2,67,2890,239,289,2320,2861,3305,2278,765,36,1,3,23,7,5,19,4,844,235,28,52,75,99,28,75,628,35,4,78,4865,7357,6000,2525,3690,261,8,559,436,13,857,1696,4506,4078,3933
5,3,0,1,0,0,0,1,0,0,0,0,0,0,669,28,36,0,0,0,0,0,857,2660,924,1021,0,11,14,28,74,73,31,0,7,29,488,220,34,1,20,0,76,20,30,5,15,0,47,19,170,2997,25,26,49,43,2,961,213,1925,3541,5021,3584,326,34,0,2,1,31,4,16,10,5,1306,416,0,5,4,26,460,39,543,37,1798,2782,2881,3761,4757,3277,478,502,24,188,54,8,10,1014,1815,4478,3902
0,0,0,102,0,0,0,0,0,0,0,0,0,4,522,164,0,0,1,0,0,0,478,3102,927,411,0,18,16,12,342,47,10,5,0,0,368,33,36,7,9,0,14,28,7,424,2525,187,176,140,9,234,0,28,58,13,0,46,1,415,3257,2197,1,8,46,13,0,39,12,258,138,6,0,2,88,0,5,8,8,804,59,24,70,1759,1778,1027,1424,996,481,36,22,29,4,139,42,18,211,440,351,1190
0,0,36,201,9,0,4,0,0,0,0,0,0,0,50,317,13,0,0,0,0,2,102,113,0,0,8,67,82,0,66,58,236,159,1036,1946,5195,1755,55,129,5,6,10,8,1,136,1422,20,4,0,0,10,0,9,50,10,4,0,28,486,1856,33,15,0,0,0,0,0,12,52,43,139,354,155,43,23,1,18,0,0,59,71,129,552,2156,1147,147,302,216,107,16,40,308,131,105,251,30,25,78,202
0,4,0,4,0,0,0,0,2,20,0,0,0,0,7,124,0,0,0,0,0,0,0,6,0,2,6,35,159,329,437,477,96,89,1076,3447,2603,3389,115,166,41,9,19,125,6,42,5,5,0,14,0,18,7,9,0,35,763,6,112,30,0,15,23,22,0,0,21,12,40,14,0,4,0,29,357,14,39,4,46,2,47,59,945,2143,2545,834,168,282,260,18,21,7,4,16,143,255,376,161,43,486
1,0,0,0,0,176,25,5,12,24,0,0,0,0,0,70,127,1,1,0,2,0,862,586,0,8,0,0,59,520,47,4,63,396,3867,4606,3758,2994,72,35,0,0,0,31,7,2,0,0,1,5,6,7,0,17,0,2,50,12,179,0,4,10,0,68,44,19,50,63,0,0,9,40,21,0,13,4,0,10,29,3,20,55,1260,3349,2150,513,28,77,93,40,3,44,16,207,111,538,1660,4894,500,38
0,0,0,0,3,15,540,367,7,1,0,0,575,298,400,2640,1545,11,519,329,6,0,0,26,1,0,31,15,6,62,283,211,103,85,774,2406,2424,258,19,17,0,4,108,302,29,0,7,12,0,0,0,7,13,3,0,15,2,7,6,6,16,2,0,84,14,18,18,38,7,0,53,32,15,7,0,104,110,65,647,51,41,53,1817,2073,1608,258,53,177,83,75,41,61,7,101,103,51,1536,2919,995,123
2,0,0,0,1,0,551,435,0,0,0,0,771,218,770,53,744,1004,1095,553,0,0,8,49,19,34,12,111,2,75,0,2,524,366,837,597,19,0,3,1,0,89,57,38,0,0,0,0,0,0,0,0,10,0,0,29,10,0,22,5,59,24,19,30,0,0,8,2,0,18,35,41,0,2,0,57,163,38,258,103,5,288,1294,519,353,37,19,219,23,15,894,920,16,42,53,1109,2349,2201,39,61
0,0,0,0,0,0,4,0,2,2,0,0,1,9,0,289,83,3,0,2,3,20,144,23,6,2,0,98,27,3,8,1,49,85,0,165,359,2,0,4,22,21,56,23,6,17,0,11,5,0,7,320,5,6,38,22,19,0,5,0,68,16,4,21,0,29,7,129,13,52,5,45,1,1,5,168,4,62,106,29,90,0,68,253,525,56,4,90,0,24,443,60,0,50,1842,793,1396,1290,160,32
0,0,0,0,0,0,0,56,0,0,0,0,0,15,136,2025,3804,490,0,1,3,5,19,2,2,6,380,192,1,2,14,4,17,125,3,98,105,9,44,64,2,0,0,247,391,16,88,7,0,7,3,1,2,17,26,0,4,0,0,0,266,1,2,80,0,4,10,6,7,79,10,141,48,429,218,37,11,237,37,68,165,36,33,39,256,11,24,132,0,79,7,1,8,41,1475,45,35,69,116,58
0,0,0,0,0,4,1,128,16,4,0,0,6,8,2,232,3376,217,1,2,12,329,0,2,0,41,137,13,3,8,156,18,4,0,0,5,29,2,183,167,32,28,0,164,0,3,80,22,17,6,10,18,32,34,35,9,0,6,6,36,4,10,0,60,15,8,244,4,13,5,8,2557,2871,755,24,1,2,31,33,1,135,62,250,22,7,10,62,302,0,27,0,82,0,531,1816,123,107,306,7,92
1,12,2,0,0,1,10,110,5,28,0,1,0,63,1,0,3,2,1,1,254,14,4,2,1,1,1,1,46,18,976,0,0,4,0,0,0,57,167,595,1,0,0,0,8,49,931,115,121,20,101,392,30,14,70,0,4,71,56,8,1,0,12,7,0,27,100,16,22,24,631,3799,2175,6,0,50,19,26,38,1,28,88,24,25,122,103,63,62,64,53,201,22,0,12,356,94,53,29,23,106
49,26,0,0,3,0,0,5,10,12,0,0,8,85,11,3,0,0,1,52,155,0,5,1,2,2,0,69,602,37,5,1,2,0,2,0,31,4,6,13,13,2,3,3,0,6,1,12,3,0,14,84,11,0,3,4,1,7,5,2,0,25,75,64,3,33,10,68,198,219,1307,2399,623,4,94,64,1,0,232,176,55,19,53,50,58,555,170,104,55,41,16,79,59,94,658,269,212,24,34,17
297,25,47,334,17,13,88,79,0,12,0,8,112,112,0,0,0,0,75,315,142,5,1,0,1,0,0,1,162,179,22,0,0,0,0,61,58,67,10,0,10,0,2,6,0,1,2,9,17,5,0,6,1,0,1,14,65,7,0,3,20,13,16,11,84,211,281,35,9,15,249,30,21,0,49,13,22,58,75,3,6,19,70,72,47,252,82,691,8,0,10,3,85,109,214,168,7,42,16,4
0,1,0,47,25,11,43,6,0,3,0,69,133,31,2,5,2,6,531,318,11,0,0,4,0,2,32,15,4,187,177,2,8,0,1,94,6,3,23,15,29,6,0,0,0,3,106,320,11,6,0,11,4,0,32,14,59,19,0,0,6,20,0,6,103,213,69,44,12,0,9,1,4,4,39,11,47,137,126,1370,1749,886,1190,1768,604,155,262,1456,470,3,32,4,24,46,78,516,129,22,22,33
0,0,0,0,0,0,3,173,359,0,0,7,126,0,0,0,0,154,787,189,0,1,0,0,14,68,41,18,8,0,23,4,34,19,72,369,148,5,20,13,4,6,43,32,13,0,1271,823,29,8,2,5,5,0,2,0,4,1,2,0,9,6,11,9,107,191,718,1321,58,9,166,318,0,28,1,23,105,11,214,2022,3010,250,366,268,474,42,600,1332,1224,20,1,10,23,11,94,1014,399,24,25,58
18,0,0,0,2,0,0,5,590,8,0,2,49,3,18,16,13,531,138,0,12,0,0,7,25,12,1,1,3,5,10,1,0,1,42,140,29,6,0,1,1,11,177,42,7,1,381,0,927,155,28,19,2,0,8,3,16,5,235,30,3,103,16,1,18,306,1783,322,108,26,114,35,3,17,26,8,15,16,1422,3448,1528,181,73,38,47,10,90,552,228,178,207,386,171,13,26,64,24,44,23,18
3,0,0,0,4,0,0,0,1,26,0,3,19,17,508,574,47,93,8,26,140,395,31,174,74,4,8,1,0,7,348,10,0,3,31,17,6,10,1,0,0,2,19,12,37,19,2,0,847,1509,0,51,59,124,53,11,0,18,208,17,1,87,63,50,35,15,71,48,49,4,14,42,28,104,352,17,13,72,224,81,109,148,271,107,106,25,18,343,1281,652,2383,345,29,11,22,70,14,30,5,20
8,0,12,2,0,11,0,1,222,96,12,822,716,152,728,2260,139,1,5,6,3,22,38,315,977,211,13,2,0,1,347,188,0,9,199,5,0,3,19,145,1,0,73,36,16,774,451,3,597,673,51,225,151,268,16,68,32,500,2455,126,94,33,26,251,239,70,28,0,4,24,149,9,87,13,57,8,37,40,22,5,0,9,84,936,559,104,74,1434,2752,1947,1330,165,25,19,57,19,71,14,11,158
109,482,30,13,9,387,50,12,264,1485,600,1951,3859,1184,3263,2157,331,2,2,4,25,365,0,64,6,11,28,10,0,3,22,13,0,61,71,25,410,1,22,0,6,16,299,357,67,153,3609,673,462,4,23,83,0,23,0,20,48,388,1983,7,170,105,64,119,313,48,18,26,9,9,0,0,1,17,5,87,45,91,264,6,0,269,193,1249,2921,159,73,170,312,278,127,140,13,45,36,29,6,20,22,33
23,0,14,4,5,100,17,63,553,524,28,38,2121,5080,4549,2652,860,1,0,0,0,17,0,10,2,3,61,145,4,7,1,9,9,21,41,203,552,6,18,0,3,0,0,70,3,550,2775,3493,2473,368,5,6,7,16,6,2,2,79,1,12,0,2,6,27,136,98,91,38,6,9,16,2,1,8,13,37,25,233,139,28,0,3,20,191,741,99,29,10,19,346,42,10,21,0,2,17,4,12,2,0
105,11,66,19,0,4,0,4,3,6,117,29,624,1432,3036,1500,146,0,1,0,6,21,254,46,0,0,21,144,27,89,3,7,8,0,35,2,32,16,5,0,0,0,0,8,8,119,2407,5058,4153,3120,79,66,25,4,17,9,1,9,31,19,1,0,10,6,0,66,6,18,16,2,21,20,24,0,174,10,36,39,289,12,21,8,31,62,13,23,7,12,22,77,16,16,57,9,51,571,7,2,14,0
253,12,0,0,0,0,0,1,0,4,0,0,315,1828,3345,257,94,43,5,18,3,19,60,11,22,0,36,31,0,11,0,9,3,0,31,2,12,0,0,0,0,2,0,13,38,700,5297,3313,1842,552,34,4,0,3,0,4,2,30,389,4,54,206,6,24,0,12,1,81,15,18,27,24,24,27,35,38,35,531,1155,52,45,29,16,38,35,13,9,15,41,1680,105,8,41,15,40,28,4,11,15,13
3,6,1,6,0,0,0,0,0,16,7,40,9,8,326,91,39,56,488,126,48,19,106,28,3,107,16,0,30,65,0,52,15,37,1,5,6,3,9,30,3,13,2,0,12,1251,1893,637,0,5,3,1,0,0,0,0,20,7,159,93,6,57,11,22,18,13,38,57,12,11,12,26,82,31,23,11,17,1596,1600,229,227,14,0,163,61,6,12,6,4,46,72,16,28,68,28,27,40,12,9,22
11,0,0,1,1,1,3,115,76,42,199,150,112,7,131,141,97,11,122,1384,152,104,0,15,5,149,42,66,84,302,155,93,88,33,100,31,16,26,20,13,0,13,23,0,1,12,51,10,4,0,2,0,0,0,2,0,12,30,23,42,7,7,130,16,63,0,35,22,0,16,8,227,55,40,66,125,33,141,460,325,3,3,21,174,35,4,64,6,25,27,15,14,30,127,5,0,25,2,47,14
0,8,46,276,217,37,238,123,2,0,56,28,11,0,48,83,28,0,5,34,2,0,0,7,5,1,2,21,16,46,62,8,69,6,414,89,61,214,17,32,0,17,426,35,2,1,444,246,448,6,27,5,2,1,12,26,17,26,23,57,3,0,3,10,9,7,7,8,9,1,47,52,24,296,180,79,16,35,66,8,6,34,19,39,42,22,17,50,17,37,13,37,82,3,10,8,12,0,16,2
1,9,11,28,1,3,1,0,0,5,10,0,1,0,2,0,32,105,9,24,1,3,25,7,26,56,8,15,3,18,157,49,294,10,142,23,12,229,19,0,10,1,21,0,43,54,833,350,693,7,9,42,15,1,19,14,25,4,1,12,6,7,3,135,256,22,2,3,16,45,11,8,99,470,1141,1404,106,42,7,21,24,177,41,20,16,10,27,25,9,3,0,12,26,5,10,6,15,8,2,2
0,88,116,0,2,0,0,6,5,47,19,0,2,2,0,0,5,63,3,11,2,0,12,59,795,182,53,66,32,41,224,168,158,240,3,76,102,82,60,93,166,48,18,14,0,324,849,65,29,7,26,386,91,12,9,9,2,30,2,7,0,21,123,21,112,79,27,27,14,3,151,72,262,1112,3808,2686,1397,15,73,13,349,66,12,6,39,35,11,0,64,190,110,9,252,37,21,0,2,13,1,4
14,126,2,4,19,2,11,19,1,8,0,0,2,0,0,3,24,17,20,2,0,0,23,44,57,31,20,133,142,64,59,173,57,47,6,372,2361,1924,196,56,0,85,2025,2677,1208,417,55,965,556,36,0,47,10,21,0,15,27,15,0,0,0,12,2,13,1,0,0,260,211,21,61,14,14,512,1920,295,572,24,20,0,55,11,42,99,56,295,283,50,343,887,3,6,90,51,37,80,51,484,14,11
1,11,1,4,1,1,0,0,1,9,1,2,0,0,10,0,503,896,805,515,193,16,10,0,9,42,57,21,87,32,8,69,64,15,394,3743,3908,1803,14,0,25,734,2579,3307,2631,1277,76,1025,1055,76,21,23,9,1,29,11,2,11,0,3,1,60,0,8,0,8,16,204,98,45,9,3,42,87,9,36,28,34,51,18,224,10,57,17,15,8,31,629,2175,19,23,26,6,55,41,122,129,1789,259,9
9,5,5,0,2,0,15,21,6,4,8,10,13,0,0,12,5,484,59,1125,234,180,2,0,17,104,55,43,85,36,50,66,94,5,220,736,562,1056,1506,742,46,2260,1997,3799,3802,4067,376,287,56,74,34,45,39,195,20,1,45,3,5,34,38,434,26,0,0,5,36,0,36,6,4,1,0,427,112,2,36,4,40,7,1,0,2,44,29,19,49,680,1590,117,10,22,6,45,1,1,11,35,125,26
0,22,79,6,0,0,220,102,6,7,10,9,89,2,0,5,19,43,0,387,234,30,17,15,78,166,71,205,483,1057,121,18,31,14,5,28,32,3,2050,2445,42,503,2213,3643,1582,5014,2598,1496,1341,684,21,51,267,27,33,57,55,5,8,7,4,202,13,15,0,4,0,55,5,0,5,0,0,32,3,6,0,8,718,127,52,98,4,12,6,1,12,18,82,7,28,3,11,30,8,3,14,45,20,17
17,4,15,4,12,2,0,19,4,1,10,142,72,18,64,102,9,15,23,77,78,5,0,4,0,375,103,24,49,327,482,31,15,36,13,19,2,31,18,1,144,235,12,1674,4565,5157,136,2632,3765,3592,613,30,33,53,400,200,25,27,63,0,478,65,18,21,0,1,0,13,23,5,3,17,2,2,0,0,0,18,3,2,4,0,34,11,20,32,32,0,18,63,33,8,75,50,23,10,74,119,4,5
253,1,8,46,0,19,3,0,0,15,0,63,24,11,22,74,47,426,86,0,0,0,1,0,75,602,50,8,162,64,7,32,34,33,31,6,36,290,837,1,48,853,198,27,501,901,91,30,65,1747,59,0,269,85,2284,2205,1104,90,119,9,131,109,4,30,10,25,3,6,9,96,7,21,0,0,10,0,0,5,1,0,4,5,0,1,0,0,5,335,12,26,77,21,194,82,0,44,102,32,8,30
23,0,0,0,1,0,0,0,12,4,277,15,10,8,44,30,13,0,0,0,0,0,5,4,1,0,29,49,54,0,1,19,74,6,62,9,79,1728,3520,2463,1770,1839,3247,2407,707,0,3,40,29,899,144,294,91,0,57,36,68,1381,93,10,40,98,2,35,34,25,0,8,12,929,1678,13,12,41,0,4,7,22,0,0,10,10,0,0,0,0,0,13,0,0,0,0,63,5,157,54,27,18,13,10
0,0,0,0,0,10,33,0,1,2,114,27,59,20,804,165,32,77,30,0,0,0,0,0,0,0,72,38,20,72,24,108,68,105,163,49,0,848,5164,5606,3480,2974,4734,7344,2893,1042,751,597,867,1296,20,58,50,32,25,414,1712,862,164,19,88,129,19,35,355,22,14,4,27,273,2728,3,3,17,1,1,10,40,0,8,4,2,1,11,7,0,0,20,0,0,0,0,0,1,0,17,0,120,24,8
0,0,0,0,3,10,38,6,6,2,8,14,439,1071,3049,353,154,141,18,0,1,0,11,52,50,1,22,62,21,59,221,193,135,1671,5091,1474,46,2839,5864,6072,6142,518,5869,5102,6044,6310,3143,2048,1195,4613,588,80,67,233,108,93,386,272,50,30,310,65,15,37,309,25,1,13,8,291,2084,3,0,1,24,0,2,131,0,12,41,11,18,51,4,6,2,7,7,0,10,1,0,0,1,5,0,38,70,16
0,20,3,3,14,586,42,2,53,30,11,55,73,78,405,32,98,118,0,0,0,0,0,35,32,0,40,66,17,498,511,104,79,1832,4888,3927,1565,2621,4085,6899,7982,6353,9038,4011,5042,5455,4178,442,1402,3487,927,839,436,323,64,252,532,211,49,51,135,117,39,19,54,21,7,18,87,1491,1478,95,30,4,15,0,35,100,6,13,0,0,3,1,3,3,21,270,92,0,84,0,0,2,10,0,0,8,1,23
3,1,65,91,1,5,4,9,53,62,45,1192,1564,19,66,23,299,176,10,0,0,0,0,0,0,3,11,28,0,33,360,548,200,501,2587,3679,1634,0,290,1617,5999,6920,8557,1954,4577,4513,4953,3387,3238,5013,818,471,33,0,1,47,173,35,18,6,31,55,25,74,619,417,56,41,1810,4280,1000,65,30,121,45,87,24,4,19,9,0,6,5,8,1,167,100,14,70,1,96,3,0,1,0,0,0,0,0,0
0,2,13,35,1,10,81,4,22,4,5,8,40,13,17,38,132,31,12,6,0,2,0,0,0,14,70,109,124,0,9,92,557,106,862,266,15,63,183,506,0,1077,9081,2277,6956,5280,6381,2328,547,785,22,16,47,14,1,87,271,1588,74,139,139,12,57,28,146,2877,1914,2321,5524,4055,503,0,125,468,14,0,2,27,24,9,67,0,0,12,3,5,1,5,2,1,5,0,1,1,0,0,5,11,0,0
126,9,5,8,15,13,15,31,33,1,3,0,5,11,11,41,96,9,3,32,0,0,0,0,0,0,23,55,89,35,0,2,42,809,353,6,1,380,3457,797,0,15,725,2837,4952,3397,895,1701,2078,86,16,636,834,48,0,42,12,170,51,214,202,10,1,9,2,91,80,3049,2682,3191,466,0,1082,538,17,8,11,7,92,63,0,0,0,1,36,17,0,0,4,6,0,0,12,3,7,4,0,21,49,15
11,5,22,16,48,102,134,662,1275,387,0,0,14,31,21,141,115,0,31,12,0,0,0,0,0,0,3,12,12,23,0,3,0,15,0,14,12,4,732,89,0,0,0,0,2649,1208,1645,1917,738,1074,304,1530,3670,273,0,350,1322,56,0,22,12,4,9,41,17,5,0,531,3357,2830,1333,0,265,25,17,13,26,37,28,21,0,29,1,0,7,658,1,3,11,0,3,2,2,49,0,1,0,2,18,0
21,15,7,7,52,18,141,776,3371,3315,767,3,20,15,10,17,81,1,0,0,0,0,0,1,5,0,0,0,150,1229,670,0,0,15,1,0,7,29,54,149,69,296,545,0,0,2327,1949,127,51,253,1697,2966,431,708,130,295,444,30,25,4,12,2,488,178,3,0,6,2610,4935,1817,5827,4822,4611,45,13,459,41,2,2,128,249,43,73,24,23,679,151,14,11,39,123,62,8,18,4,30,232,14,0,0
12,20,33,147,40,25,10,3,207,1783,750,3,8,7,18,40,65,74,0,0,0,0,0,0,0,0,0,11,55,419,377,28,0,0,0,5,0,5,14,35,2843,2314,3031,16,0,0,142,1793,735,810,2371,3811,2949,1148,87,3742,3178,2077,520,3,2,0,11,8,6,16,285,3693,3410,1192,5917,4629,4221,851,2723,2018,278,178,113,54,248,224,108,23,9,289,629,9,134,66,648,1,81,26,240,312,167,128,86,26
1,197,193,47,11,61,68,40,409,53,1,0,6,2,42,1401,1721,168,59,10,0,0,8,1,1,0,0,3,63,46,14,0,0,9,1,3,0,4,1,0,1396,3092,3597,136,0,0,37,1229,763,1455,4830,3643,2819,197,534,4495,4011,4381,1840,1137,827,2441,3509,3939,3388,1477,1490,2084,1121,1665,2266,3281,2498,714,2511,448,1089,877,572,171,42,46,40,90,199,1576,1989,226,387,71,2355,150,102,62,267,473,489,205,17,3
16,13,206,88,16,23,53,87,894,101,8,0,6,17,977,3686,2001,137,54,7,15,0,0,25,11,0,0,0,0,1,0,0,0,1,0,0,3,0,1,0,7,840,2091,2,0,0,0,0,0,2114,220,66,556,1547,1493,2500,4565,3994,115,1227,3476,4528,1249,1559,2528,4571,5980,3822,3283,127,6,1106,535,556,1758,1813,1400,659,592,385,99,1082,23,1527,514,4232,3647,2393,206,52,226,2,143,927,1359,476,245,403,17,32
4,29,69,151,82,9,22,16,118,13,319,1051,1105,758,265,1700,1415,127,13,10,198,31,21,9,0,0,4,0,0,12,3,0,0,0,0,0,5,0,4,6,10,0,1000,491,6,1,5,0,0,152,33,0,22,59,148,651,404,1452,330,0,318,2321,321,37,0,2629,2832,440,0,0,0,204,14,0,0,6,16,3,59,89,498,659,108,568,832,1307,4880,3235,17,23,223,20,17,1405,46,1680,1352,100,103,0
28,7,150,64,29,0,0,763,953,13,588,1367,294,252,29,280,73,28,7,16,146,130,75,10,0,0,26,2,1,0,101,0,1,0,2,0,0,23,54,11,18,0,746,4103,136,932,186,0,0,0,37,4,11,36,2080,3400,55,2616,4074,0,0,0,0,0,1125,7553,1787,1024,0,0,0,248,469,307,0,696,0,0,35,46,168,130,5,2,71,2258,583,352,70,76,15,5,0,108,1,106,78,919,727,104
15,142,15,153,2,9,14,916,2908,1041,164,161,4,132,21,58,18,14,0,0,427,44,105,52,0,0,0,1,474,1148,786,36,1,16,0,0,52,2,128,65,13,6,13,325,2725,153,58,16,20,0,0,0,8,167,3344,3357,327,1780,5039,920,1160,0,0,17,9479,10721,2859,17,0,0,0,169,267,90,0,272,209,1,3,16,66,33,13,20,99,30,568,510,334,41,31,30,2,358,36,0,8,1256,1157,544
8,222,574,1513,2,7,1727,1703,994,1176,1,119,68,86,44,3,12,3,0,0,0,0,0,1,0,0,0,10,49,498,73,0,2,8,3,0,17,111,28,34,53,6,0,98,2571,13,46,412,7,0,0,0,0,0,69,463,1846,767,4974,3628,7044,2173,0,0,6398,12473,7525,456,0,0,0,13,217,33,0,0,3,0,0,69,44,93,38,39,24,236,435,59,114,28,23,601,1331,1018,6,41,295,60,0,8
1254,2338,913,2727,1179,202,708,2443,1562,1969,1,0,7,8,16,13,5,9,21,3,1,0,12,8,0,7,2,6,1,80,67,5,0,11,0,0,0,410,2,3,39,7,77,42,178,0,19,15,0,0,0,0,0,0,0,52,3806,2618,3069,3426,6959,3424,53,4862,6864,8954,6600,1753,1,2,63,806,957,48,0,0,0,0,2,63,157,139,301,63,51,24,11,83,16,18,35,1248,4977,4404,931,2869,3635,2394,1608,29
