1,7,0,0,0,2,10,476,18,1,1,171,0,2,26,1741,3755,2886,6746,5345,2926,43,0,6,1,2,5,21,1,0,0,5,2,7,2,7,2,3,2,30,84,378,30,8,9,0,0,25,7,0,78,34,22,9,23,9,0,0,17,1,10,9,18,1,0,14,1,4,201,165,456,192,0,4,0,1,313,21,14,0,0,0,4,1,1,0,0,37,11,0,15,10,1,162,334,5,3,6,9,0
0,0,1,4,6,3,1,141,158,159,0,439,665,21,11,390,2158,602,1689,1815,1265,40,0,37,5,1,53,39,418,1,68,18,11,8,13,7,3,0,31,116,16,1536,314,32,15,2,2,12,28,9,14,36,9,8,0,1,2,2,12,39,2,275,439,9,0,0,0,0,0,12,0,26,10,0,10,0,52,18,0,0,2,1,0,3,0,12,0,28,12,1,68,22,7,640,276,114,3,0,26,16
1009,74,0,1,0,1,107,222,44,34,75,7,0,0,255,1,276,3266,5582,3471,1872,91,0,0,26,594,4211,3111,1306,499,889,310,8,4,4,2,0,1,23,36,2466,3524,2825,4,9,4,0,1,11,22,25,30,3,0,0,1,15,1,5,33,59,73,134,0,0,0,0,0,0,0,1,0,0,6,106,285,7,5,3,6,0,0,0,0,0,0,0,1,0,3,2,15,5,3,0,231,62,21,85,177
5,59,0,1,7,30,747,2,3,4,2,0,8,83,2390,1555,678,2284,1743,784,3164,4035,239,85,5,22,631,2203,141,256,22,2,9,350,96,7,7,13,15,7,652,3302,2924,7,0,7,0,10,57,470,0,150,2,0,2,1,1,3,8,82,104,9,3,0,0,0,5,0,2,4,2,6,0,201,31,372,43,11,1,0,9,0,0,0,0,0,0,0,0,0,0,161,95,66,102,44,0,9,107,189
7,1,129,0,0,1,12,5,0,0,4,19,126,373,1259,3733,4326,3543,20,6,805,281,6,1,0,5,4,42,47,4,7,16,4,14,13,0,0,5,5,7,159,1816,1120,12,23,14,8,6,8,24,24,24,24,0,0,10,0,3,3,8,9,37,201,0,1,1,0,0,1,1,21,28,15,123,2,0,8,16,3,2,3,44,1,1,1,2,0,0,0,1,0,0,1,7,11,23,9,10,33,12
0,13,0,449,0,0,1,13,186,0,0,3,5,0,8,1292,2650,4237,309,136,1318,19,14,0,0,15,18,9,9,4,1,3,10,11,6,0,11,12,8,10,111,376,0,6,1,0,4,6,0,9,68,17,257,0,11,0,2,2,0,3,2,239,693,11,18,0,0,0,0,0,13,159,341,511,6,10,5,18,15,22,335,126,7,2,0,1,0,0,0,1,0,15,0,4,26,21,22,26,12,18
0,0,8,4,5,86,12,0,378,64,6,15,0,0,3,0,495,730,411,480,16,41,8,3,10,8,6,11,20,0,0,5,15,1,2,7,0,0,0,6,8,178,34,17,11,19,12,0,6,0,13,0,132,3,0,0,2,0,0,0,0,64,2,1,0,20,2,1,0,0,0,0,4,5,14,4,0,1,2,411,791,6,0,0,0,0,0,0,0,0,0,0,0,0,5,0,29,6,240,1
10,73,31,7,10,2,0,0,0,10,2,2,0,52,1,16,3,2494,3736,1251,1,1,20,18,14,19,167,16,0,2,0,14,10,5,0,2,0,3,3,10,18,1176,127,5,13,37,4,2,34,3,3,7,0,55,0,8,1,0,11,0,9,10,6,0,3,1,4,2,0,3,0,0,14,24,0,0,0,0,0,1,2,0,13,35,0,0,0,0,0,0,1,1,5,0,35,526,7,12,49,102
0,20,2,4,8,42,1,573,185,1,3,1,0,19,3,2,22,551,292,2,3,0,2,0,9,25,37,5,0,0,8,3,18,14,22,18,10,12,7,13,591,444,9,11,5,1,0,113,2,10,0,4,3,26,12,5,21,0,0,102,52,7,0,7,0,0,2,5,14,0,0,205,129,1,36,12,0,1,0,1,1,14,6,49,1,0,0,1,0,29,3,1,41,0,6,0,4,8,6,35
10,27,230,0,149,110,0,125,27,7,4,1,0,0,63,59,45,0,0,7,0,0,1,2,0,77,2,10,1,4,7,2,0,15,967,5,4,30,39,728,654,0,5,0,8,8,13,235,42,4,0,11,0,2,4,9,9,0,2,38,25,6,0,1,0,3,0,0,7,17,611,1504,42,0,0,0,2,0,0,0,0,5,7,8,0,2,0,0,0,4,12,51,81,3,19,0,18,34,33,23
0,4,0,1493,105,30,10,0,2,2,1,0,7,2,638,891,1450,2,0,3,3,3,0,2,9,88,0,30,459,20,10,7,5,16,52,0,8,0,18,11,11,0,3,11,3,0,1,1196,240,2,18,1,2,3,8,0,2,4,35,1,1,34,31,3,0,0,0,14,0,24,15,80,0,20,1,0,0,691,12,2,1,1,1,0,0,0,1,0,0,5,0,14,44,6,4,2,7,25,13,3
3,0,128,1720,1863,76,3,8,6,1,7,14,8,8,25,34,61,6,6,6,0,0,6,1,21,558,0,3,123,18,23,12,32,3,9,24,3,25,5,2,0,3,4,0,6,4,67,71,1,0,10,7,3,58,43,4,17,39,36,0,0,2,10,4,0,0,22,0,12,20,1,9,415,389,0,6,3,939,71,2,0,0,0,6,0,3,6,0,0,0,0,5,37,0,0,0,3,41,13,2
4,0,19,149,334,8,157,169,5,0,25,143,1,3,11,16,2,0,313,260,7,0,4,3,7,113,34,5,0,17,542,30,20,6,9,8,2,0,222,11,5,0,10,2,5,0,0,17,1,0,66,6,24,0,58,893,1178,241,0,1,0,0,0,1,0,0,4,0,0,0,2,26,185,68,5,4,0,24,273,3,2,199,3,4,0,0,1,48,1,0,0,0,0,6,0,31,11,90,22,21
0,0,76,18,0,0,113,2,4,5,0,0,1,5,9,153,11,25,5,2,9,0,0,0,1,40,0,0,27,0,21,3,23,5,10,0,1,14,677,3386,863,2,16,1,9,1,0,9,19,171,47,17,39,43,33,163,3606,1281,4,4,26,5,3,5,15,4,0,0,2,0,0,0,8,0,0,2,85,569,2590,2017,2,2,2,0,0,4,0,197,1,0,1,0,0,0,9,35,46,15,142,1592
11,0,4,0,73,13,6,0,1,69,2,6,0,5,13,116,0,129,2,1,2,11,0,2,34,283,4,224,3116,305,0,15,4,6,7,11,19,2,1400,2599,165,0,10,0,3,0,1,8,2,34,0,2,4,21,8,25,423,22,0,0,22,18,22,11,5,0,15,0,0,0,0,16,23,0,5,16,921,1528,976,204,0,0,10,1,0,0,5,71,0,4,0,0,0,0,7,109,121,9,40,328
5,2,47,5,184,62,0,2,12,9,0,5,0,0,1,0,413,31,18,2,0,0,0,17,30,21,2,791,1582,204,2,13,1,26,2,9,0,0,266,587,11,13,0,1,0,1,0,0,17,1,21,54,565,200,0,0,26,9,7,14,0,3,3,4,16,2,34,37,0,0,1,8,8,0,0,1,0,0,15,0,0,0,0,0,0,116,114,3496,1074,45,9,0,0,1,4,0,0,6,0,0
5,103,11,59,7,0,1,3,75,7,39,128,32,0,1,21,2539,1360,0,0,10,0,3,1,0,2,132,558,989,17,1,5,34,15,0,1,5,3,42,12,0,1,3,1,1,0,0,0,25,9,7,104,832,180,117,19,9,19,8,13,29,1,2,5,10,4,0,23,15,0,6,1372,3,1,0,0,0,0,0,8,0,0,0,0,0,1543,2908,4387,3019,12,0,7,15,33,1,0,0,0,0,6
119,0,32,3,22,0,10,0,15,8,6,134,4,10,5,0,87,728,8,2,3,15,3,0,1,482,154,5,19,0,4,9,0,0,0,0,4,9,0,6,4,0,17,7,4,3,25,103,109,43,0,1,0,11,369,47,2,2,40,268,33,18,0,3,0,3,8,0,0,0,1,1344,801,2,3,4,0,0,0,0,0,0,0,0,0,1103,3833,1390,34,0,1,1,3,6,0,7,3,2,0,3
183,8,114,0,24,10,0,0,3,1,3,0,15,14,1,6,0,9,4,13,0,16,23,3,15,50,39,155,55,7,21,21,0,2,0,0,8,1,1,1,5,0,0,16,66,1,0,5,82,0,8,2,5,1516,3330,1612,151,21,2,41,4,9,0,0,0,1,1,0,1,47,63,132,684,1,0,0,0,2,0,0,0,0,0,0,0,529,867,365,15,0,0,4,43,1,1,33,36,2,15,2
1,2,0,3,8,56,51,0,0,0,83,10,0,9,1,0,7,0,7,0,13,131,2,0,1,14,0,245,6,85,2123,996,26,1,1,0,40,0,3,0,0,3,21,100,764,26,156,0,0,3,0,0,1785,4209,2746,275,3,0,0,2,8,0,0,3,2,5,36,24,2,10,1,0,105,1054,0,0,0,0,0,0,3,7,20,10,0,0,0,1,0,2,0,0,6,0,0,0,14,40,5,5
753,18,521,0,8,0,2,1,6,0,0,1,4,71,0,6,7,0,5,0,4,1,8,44,0,41,0,1,0,0,353,221,22,6,10,1,29,11,8,0,0,0,30,7,1280,108,238,1,0,153,431,2,1058,1352,785,2,1,6,0,14,17,0,18,0,0,2,15,12,7,9,34,6,1767,16,0,0,10,5,0,0,0,69,71,8,1,2,232,318,0,76,2,0,0,0,4,4,0,0,95,415
2271,0,13,0,9,0,7,0,21,1,7,3,10,6,0,9,0,175,14,8,1,21,60,38,12,5,0,84,20,12,2,5,90,8,3,138,1886,51,6,2,3,0,4,703,1774,25,0,80,102,1019,803,8,7,6,0,136,4,5,1,32,13,0,28,20,3,4,22,37,656,36,110,10,125,3,0,0,0,1,0,6,33,0,6,0,0,2,16,0,0,25,2,0,0,0,16,84,68,13,11,137
0,2,3,11,0,0,0,0,5,77,133,0,12,0,6,0,7,104,59,4,1,0,4,98,7,3,0,58,57,114,85,4,15,191,44,400,1140,86,1,0,0,0,0,0,1,0,16,11,8,0,4,2,43,11,3,57,31,5,0,40,9,1,8,20,0,6,12,61,508,1572,567,105,5,0,3,3,4,0,0,0,0,0,14,0,0,0,0,0,0,0,16,4,0,0,8,191,254,156,130,68
0,17,0,3,5,41,0,25,51,7,5,4,3,0,78,2,28,546,741,5,7,3,0,4,1,12,178,3,0,29,16,239,3,0,0,0,38,363,25,2,0,0,2,16,29,0,93,0,4,38,44,23,355,314,3,12,0,18,19,32,45,0,0,5,1,2,59,258,8,3,16,39,0,1,10,0,0,0,0,0,1,0,0,0,1,14,12,0,0,4,70,43,4,0,1,10,302,252,12,30
11,2,0,0,173,81,3,146,94,0,0,165,4,48,0,0,5,3,817,14,245,337,52,6,0,29,0,13,3,0,5,108,0,21,3,8,694,498,1012,32,11,18,20,18,89,400,1466,53,447,9,0,175,5,15,58,18,0,21,37,0,29,12,0,0,135,129,9,651,309,10,1469,3370,619,1,14,0,0,8,0,0,0,12,2,0,0,8,11,32,31,19,1,97,36,0,53,4,16,52,212,2
9,6,0,0,5,0,0,0,14,0,4,8,3,0,4,15,7,0,2,0,3,397,258,7,872,15,6,6,212,1,9,6,6,10,4,11,698,458,538,51,4,5,2,0,3,63,746,83,442,146,209,1305,14,37,5,25,0,145,1847,1374,28,1,0,169,1577,118,0,31,4,7,1235,1900,286,0,0,1,18,0,1,0,0,9,0,0,0,12,11,0,285,1088,92,346,1,4,13,36,188,0,175,48
506,3,6,0,0,0,6,1,214,31,0,13,9,2,0,0,0,5,11,0,1,0,324,58,5719,2303,6,25,1249,0,2214,2425,20,1,0,19,3,0,0,0,3,0,0,0,233,6,10,2,4,0,7,40,6,16,0,8,0,0,1089,3151,110,5,12,115,244,1,10,0,147,343,56,570,173,0,0,0,145,56,0,1,0,1,0,0,3,14,22,0,4,165,103,32,0,21,620,41,1681,134,58,11
1046,8,9,0,0,0,1,0,73,1,3,0,454,153,5,62,5,0,0,1,10,808,2862,2936,4060,1493,57,659,897,82,2883,4708,112,57,1331,0,4,0,0,0,7,1,2,0,0,5,3,16,0,2,30,16,0,5,17,14,0,0,92,1424,384,0,13,4,3,0,223,27,0,0,0,9,5,3,3,0,5,153,12,0,0,0,8,0,1,0,10,0,0,258,42,37,1,21,32,12,40,128,135,13
4,2,1,21,7,2,0,1,30,5,36,53,3,128,28,309,170,1,2,435,1948,166,411,1139,960,0,2,205,173,47,286,3353,379,1,861,10,12,18,1,11,56,4,2,0,19,1,0,17,0,12,2,2,0,0,2,14,64,25,0,4,724,44,413,69,14,8,79,1,0,0,18,17,4,356,15,2,2,8,8,6,8,4,23,33,0,1,64,0,201,11,9,17,37,228,0,0,27,0,12,80
0,7,1,210,7,74,4,1,14,7,53,3,0,1,0,14,10,0,0,128,1006,797,20,8,2589,1530,4,5,430,1726,917,146,0,191,21,0,43,2397,127,199,2407,44,19,0,2,4,0,15,0,48,21,2,2,37,11,1,361,243,2,3,5,10,842,691,487,10,217,25,5,745,2369,86,36,20,4,12,23,1,67,174,6,153,78,354,0,405,4,0,10,10,5,0,20,2004,0,0,10,11,21,6
0,3,10,11,5,82,23,161,26,6,0,1,11,4,3,123,474,1,0,0,319,30,1,19,1712,590,0,7,9,15,34,12,2,0,0,8,131,222,3,109,1079,24,2,9,2,87,16,25,7,27,20,0,7,6,0,0,11,4,14,1,13,11,35,24,0,0,225,3,0,153,610,59,0,2,0,0,85,0,0,3,2,69,48,127,0,34,32,10,7,15,21,11,7,81,9,4,23,35,28,323
11,4,0,38,23,19,0,24,18,662,19,9,0,0,0,0,12,0,10,376,10,1,3,4,0,5,5,5,7,4,2,1178,1455,725,76,451,1430,0,1,49,65,4,173,0,164,695,15,23,11,9,0,14,0,6,3,0,1,15,140,62,7,8,16,12,0,7,3,2,39,129,100,3,1,0,3,7,0,0,3,0,5,15,110,7,18,1,0,7,42,13,16,1,22,123,10,85,51,103,143,123
6,138,0,6,200,0,0,1,0,354,252,42,0,3,329,9,15,11,92,2164,41,148,120,6,6,5,2,1,0,0,13,9,5,11,12,18,362,6,0,551,43,2,258,2,2510,1961,11,0,3,3,8,15,7,3,0,0,0,4,1963,846,27,9,13,35,124,1,0,12,1,29,139,0,1,1,16,0,0,3,6,8,0,15,0,571,730,209,12,0,831,303,348,2,479,85,8,87,0,9,0,122
1,92,0,1,4,1,8,5,16,25,54,31,3,4,391,744,11,2,4,26,6,402,474,8,0,0,5,17,672,326,1,19,109,1,1,0,22,2,12,1209,559,19,1,27,444,14,5,1,2,1308,486,9,1,17,2,0,192,77,1408,1174,4,79,66,46,19,0,1,0,1,24,346,51,1,0,12,11,0,0,6,444,352,2,0,213,2847,444,0,17,300,222,0,65,38,26,8,181,48,160,33,71
11,0,105,10,2,104,2,0,104,16,0,0,13,63,80,249,0,17,0,61,2,107,121,0,3,0,0,0,47,6,0,2,0,0,0,2,16,4,6,10,181,36,32,3,96,2,3,305,204,2850,230,29,2,0,12,9,95,8,458,89,0,1276,1125,1537,47,2,5,3,0,43,0,4,24,0,90,14,5,8,19,27,29,3,5,1158,3391,1308,180,308,226,0,41,1592,1109,88,12,284,243,1,21,64
0,6,9,1,3,10,6,22,31,2,9,29,196,522,0,0,9,16,360,1,34,72,0,2,48,33,46,0,1,4,2,0,4,0,176,7,129,14,8,0,222,1109,0,807,730,6,8,258,85,41,47,3,3,0,3,10,227,341,2,11,17,0,213,3409,1490,234,16,6,15,686,5,218,168,0,34,79,56,86,0,13,34,0,184,2390,3696,3708,1375,4217,1425,25,5,33,221,73,19,137,14,10,138,671
18,0,10,12,186,3,0,117,1,22,124,0,0,6,11,5,3,1,196,1,264,592,2,0,93,55,0,4,1607,0,5,519,88,13,15,0,18,1704,2136,3,26,91,124,2379,1735,325,16,774,9,19,0,0,4,69,67,129,121,45,5,3,11,5,105,3313,3873,585,30,24,2,147,1,157,101,19,1,6,1225,181,121,35,8,5,1,3469,3196,2807,971,636,0,32,130,20,7,493,3,289,73,19,1193,1807
24,0,9,738,304,0,18,105,7,7,216,4,0,5,1,10,534,2,2065,811,24,0,5,54,36,286,28,0,1098,169,0,0,0,50,12,0,0,386,343,7,8,153,993,388,1164,7,6,3141,252,307,0,20,5,653,73,507,48,4,18,0,2,0,1,215,1442,1024,423,37,28,57,0,1,22,1,9,44,42,14,30,5,1,25,115,104,141,1638,1733,22,3,22,263,14,30,198,10,30,306,1114,81,9
1,1,7,0,0,7,10,65,146,23,65,4,9,13,6,0,45,233,1133,624,366,3,1,0,0,0,0,5,0,5,1,0,0,0,1,21,0,7,28,13,7,2,1912,143,2706,5334,2255,38,37,5,1,31,1,57,384,34,0,0,12,17,38,49,34,16,28,44,18,30,414,467,70,2,129,0,5,57,1,8,8,11,1,8,704,15,14,0,74,28,2,48,82,473,75,328,9,56,14,182,183,42
64,7,0,0,0,10,7,4,8,15,4,12,0,0,78,78,1190,3571,3826,2356,1187,5,0,12,5,0,0,1,10,5,9,25,243,13,0,0,25,31,6,152,0,0,933,1250,5818,5112,6123,2135,662,11,5,189,250,14,1552,150,21,0,30,13,6,0,18,0,0,8,16,59,440,28,17,0,0,0,33,2,11,28,43,7,2,3,116,27,4,11,31,303,313,28,6,84,4,59,2,165,140,5,20,81
355,23,12,6,11,3,1,6,82,7,67,19,11,4,7,1,3738,2234,3754,1025,0,28,8,17,122,14,85,300,0,3,420,3019,3270,157,3,239,367,1683,76,12,41,51,137,1874,6690,4646,4570,3376,3249,10,25,39,1,0,0,1,2,0,10,11,2,0,0,0,14,14,9,222,128,21,4,15,13,21,213,18,121,122,323,18,18,5,0,10,92,37,31,75,140,88,21,196,0,16,3,13,99,193,43,8
21,28,171,18,18,467,53,3,30,16,193,36,17,31,2,12,1068,737,3989,207,0,5,5,0,14,0,0,0,0,8,404,809,329,82,427,932,30,520,8,0,677,148,335,1344,5793,6127,6224,1884,329,687,49,0,0,69,203,9,0,8,36,0,6,16,219,135,487,166,139,26,12,23,18,5,10,0,25,13,8,9,243,170,22,45,105,42,14,47,91,41,15,35,2,54,33,28,5,39,72,430,64,10
204,10,2,7,27,6,29,4,13,7,21,9,2,8,1,123,44,3,8,23,1,0,8,0,0,0,0,10,2,12,96,61,77,30,21,13,20,0,14,0,1,14,14,1894,2998,4269,7642,3988,1326,2105,141,0,32,20,470,123,35,20,51,10,4,13,66,295,5,19,7,0,21,18,0,15,181,0,29,22,5,84,229,146,12,4,38,95,53,7,2,10,22,103,32,68,0,2,365,35,9,38,14,234
4,560,59,4,22,32,1,4,15,12,32,29,6,0,3,239,189,10,5,9,33,0,302,130,1,24,86,212,4,0,17,4,613,0,62,154,129,291,1763,44,27,12,0,9,82,2211,5114,5674,4317,3372,319,1858,365,3,7,2,7,75,4,1,0,24,70,60,44,1,1,17,133,25,6,18,17,11,3,17,34,10,27,1,24,0,11,25,7,43,3,21,335,28,5,84,24,37,54,11,12,37,20,28
157,125,7,2,4,11,17,5,26,171,36,21,31,5,37,22,18,9,0,8,4,2,0,0,0,2,272,610,11,2,66,50,12,19,124,170,12,71,174,0,491,247,157,361,1175,356,1951,2645,163,15,0,640,255,0,0,6,16,4,0,0,2,0,33,234,32,11,0,2,15,17,13,6,3,16,590,32,17,9,9,0,107,6,29,18,5,132,5,37,17,132,1,213,59,8,0,4,22,14,14,8
3,257,16,2,0,13,205,199,30,88,6,0,0,0,17,477,5,6,3,4,1,4,1,0,157,58,1,53,0,0,72,51,9,0,66,20,13,1,6,53,27,0,13,11,1710,247,22,155,7,3,4,4,3,20,6,1,7,0,16,2,0,11,206,169,0,4,0,0,6,8,4,122,7,16,116,74,136,0,3,9,5,8,247,4,2,492,108,21,0,78,102,19,8,36,36,18,39,50,2,6
808,1352,2190,150,2,2349,71,157,23,0,7,0,12,9,14,2,242,166,12,2,0,15,48,32,9,0,7,1,10,1,12,0,11,0,0,3,233,372,5,3,11,1,1,0,9,931,53,121,18,16,1,5,13,0,0,0,2,0,1,8,0,76,38,6,122,0,208,15,13,0,10,53,9,32,12,15,27,17,7,61,14,34,17,62,11,27,11,80,43,2,102,28,0,35,50,40,96,8,33,93
2,86,1115,1013,144,4076,1778,1522,462,173,194,11,1235,527,10,68,117,0,6,1,8,23,75,2483,285,12,1,0,2,0,0,0,34,8,0,0,0,201,169,129,1145,163,14,207,114,227,2605,319,8,12,3,0,1,2,0,27,2,0,0,0,258,52,209,0,22,0,80,51,19,2,5,30,392,9,154,39,39,0,77,13,2,27,38,265,17,7,140,172,14,0,14,12,29,31,5,84,12,25,73,1
1082,475,20,15,1475,2326,3729,5615,2105,453,30,11,1,179,246,458,40,0,9,20,404,98,54,430,47,6,9,8,14,0,0,23,64,6,16,14,11,0,0,0,98,154,357,768,465,658,686,949,5,0,17,20,14,0,5,0,2,58,27,22,133,15,32,30,8,0,0,70,96,0,3,172,831,4,22,0,19,12,107,31,7,14,60,9,22,19,15,6,113,12,7,15,7,5,31,6,1,15,281,13
2846,195,1290,1811,6999,4300,4796,4376,48,9,23,202,3,0,190,80,2150,1065,30,47,26,11,0,7,0,0,5,14,129,2,0,0,189,6,12,118,616,6,8,42,52,33,573,10,2,31,14,0,948,277,40,187,1,0,0,0,0,102,846,500,0,4,31,29,5,7,7,161,51,4,25,37,20,0,9,3,4,10,0,0,18,6,25,18,11,6,12,15,35,10,2,17,0,17,84,14,44,9,14,8
95,461,767,6978,4377,3197,1804,1731,3,8,248,399,19,41,314,4,3288,3232,27,0,18,1630,2737,66,0,56,26,1,2,0,13,155,51,77,152,127,133,0,244,370,300,14,0,287,87,0,24,181,2822,1480,0,3,280,257,4,4,0,3,0,1,4,230,92,2,1,0,7,6,3,0,9,57,53,171,29,0,6,9,0,13,0,4,34,4,143,0,1,82,0,6,4,975,7,6,19,7,1,10,8,983
153,437,1850,3100,4662,6944,2956,86,9,45,482,0,4,130,10,4,876,804,9,0,26,33,299,58,1,61,4,5,3,7,41,10,8,61,19,0,6,11,17,102,316,762,0,7,0,22,268,652,1433,267,12,25,29,599,169,3,11,3,0,0,1,89,6,0,14,95,28,12,74,90,6,52,18,604,7,0,38,76,15,3,1,18,1179,862,140,0,7,19,0,1,173,421,16,30,29,8,30,30,73,67
27,237,3190,5881,2423,3181,2115,685,189,37,51,24,0,2,29,96,41,70,44,0,2,77,170,0,1,472,49,11,150,9,5,7,63,2,0,3,0,64,158,396,114,8,0,13,5,0,168,274,244,17,2,42,81,26,37,714,1360,179,9,18,9,303,8,1,47,125,0,8,27,51,108,16,30,41,8,2,0,0,0,8,2,9,972,240,16,9,104,9,3,22,53,35,2,2,105,13,362,56,28,6
385,561,1591,1160,12,337,173,1723,0,2,5,0,10,14,226,189,26,101,17,23,53,0,0,3,5,56,1,0,7,12,35,5,6,20,145,115,165,485,46,160,6,89,173,325,152,557,37,610,86,0,18,0,22,0,0,491,1357,389,0,3,0,79,50,5,295,2324,3865,1744,30,0,1582,28,12,0,0,53,490,67,11,3,723,198,34,41,15,15,357,17,13,11,19,5,1,1,13,39,17,11,52,27
2304,733,23,3,0,367,0,0,750,0,0,0,1,0,94,194,824,403,1103,3626,297,9,7,0,54,28,2,3,1,6,0,6,12,229,408,14,23,903,453,220,11,79,798,0,0,148,0,820,385,308,7,7,7,0,0,13,51,3,84,0,1,51,37,9,22,2707,5688,4342,3288,59,55,8,1,0,21,12,518,572,2,49,20,41,18,14,34,52,2061,50,11,146,3,44,297,1,0,40,12,5,82,8
562,288,22,32,20,617,16,16,96,2,5,9,12,36,66,5,27,6,1535,4421,1167,19,22,548,6,5,0,265,293,4,149,0,354,1041,714,56,0,154,3467,198,0,0,0,13,3,11,10,0,1,57,0,14,0,3,0,128,111,0,19,2,0,114,86,22,12,282,1449,567,650,241,0,33,3,15,31,19,391,30,5,37,17,95,8,187,11,245,421,3,11,1405,104,16,4,14,0,12,4,56,8,22
40,0,1,20,20,7,1603,298,7,1,2,5,5,118,1,5,0,272,376,2192,1721,1,15,13,0,0,2,311,153,17,13,12,45,720,101,44,2,42,98,0,8,1,22,0,0,0,0,1,81,513,413,115,2,8,3,15,12,0,2,20,17,15,44,421,6,0,35,13,2,153,96,63,54,74,311,2,1,0,0,23,2,1,9,17,23,88,63,32,62,15,1232,148,23,13,27,34,39,10,31,12
229,202,819,8,167,15,289,2,2,383,310,0,7,16,43,103,74,236,78,7,3,11,0,5,1,5,13,44,550,96,21,822,0,24,11,1204,341,0,3,0,47,2,1,0,34,0,7,31,2,8,746,212,0,7,17,35,0,2,272,71,5,80,6,44,42,56,54,5,17,38,54,70,87,3,217,20,49,15,41,223,3,12,2,27,43,12,1193,2993,2117,39,20,2,0,6,60,197,16,76,44,16
22,0,113,10,1137,25,24,10,43,124,158,43,20,24,5,93,166,2,1151,157,5,16,59,5,0,0,3,19,148,4,0,5,0,0,98,4580,2889,1,18,9,11,0,0,0,0,3,5,0,5,0,0,152,11,0,139,10,2,171,211,30,0,30,8,6,91,131,12,391,347,9,73,60,16,161,16,2,6,10,46,22,75,10,8,0,41,20,345,4094,1898,21,32,56,8,6,0,90,27,26,20,63
22,0,4,83,11,10,38,16,4,7,0,0,10,0,14,0,81,24,1611,47,6,14,11,246,11,21,29,21,7,11,12,0,11,0,377,3015,3064,12,4,0,0,9,0,150,119,2,0,29,3,0,0,11,0,17,38,2,6,5,31,2,18,1,9,2,0,5,23,624,105,15,77,3,5,280,36,8,56,18,0,2,22,105,24,16,167,50,1264,304,3300,2743,37,273,72,13,18,307,769,55,69,118
4,3,6,54,11,28,50,24,6,2,10,278,370,79,1992,602,907,358,47,2,0,0,2,28,5,23,1258,375,86,3,0,22,13,0,11,123,61,21,0,6,10,0,239,80,371,12,295,9,28,91,4,533,21,245,1390,72,7,7,7,23,46,35,6,11,38,3,21,8,4,7,2,21,5,22,63,38,109,137,59,12,23,25,15,31,119,2,14,96,1270,595,33,29,16,18,7,12,70,163,6,53
5,111,55,1062,448,696,4,9,492,327,43,21,653,663,2188,964,1377,1594,24,44,0,40,35,20,1,2,0,0,11,83,9,5,1,2,0,3,3,20,17,319,207,28,330,0,23,5,11,0,159,10,0,1,21,1996,3923,202,215,163,0,27,42,1,23,118,11,0,8,10,11,10,119,29,174,12,5,340,1182,0,59,5,1,245,0,21,96,39,18,39,76,16,3,3,0,153,16,0,23,1,5,218
2,17,583,4818,510,684,321,452,877,49,1,4,136,65,184,35,3,332,19,2233,26,1920,70,7,63,0,2,10,7,10,5,13,8,246,0,0,9,0,26,14,95,21,0,12,16,66,18,0,5,0,0,10,46,2892,3685,13,111,3,18,85,225,103,25,148,22,2,0,0,3,13,0,28,3,268,59,128,61,11,6,0,10,83,23,10,6,14,48,41,10,48,62,44,6,130,9,313,22,14,59,30
0,11,456,338,18,41,38,442,61,1,53,149,0,597,910,6,103,162,0,1189,165,3651,913,7,17,1,85,3,8,2,0,0,64,91,151,99,169,7,160,26,0,0,5,0,0,51,83,2,0,18,43,319,15,152,599,14,36,5,0,21,17,1,13,12,46,27,39,18,169,4,18,18,11,51,5,0,25,18,34,14,1,8,70,197,18,48,49,24,49,6,26,17,21,5,485,428,38,2,400,77
55,114,2030,3989,241,587,340,354,834,2,78,293,126,33,16,384,2109,268,209,1480,783,123,92,72,17,7,145,0,11,0,13,24,2,0,13,6,38,2,474,1,0,16,2,12,76,2,6,6,6,5,13,77,45,0,0,16,13,6,26,168,115,12,10,50,424,25,8,8,16,5,13,0,75,0,17,32,7,204,863,46,21,7,11,19,27,22,8,96,72,80,15,38,6,18,4,95,9,1,0,11
12,11,2517,3368,436,638,200,3,27,3,15,35,1028,63,8,635,175,33,138,485,1638,2589,1409,245,1470,1498,6,0,0,48,0,148,59,0,2,0,0,0,32,1,77,44,14,69,169,0,13,21,252,3,0,266,506,0,4,41,374,638,94,6,71,12,9,21,18,24,0,12,4,32,9,6,3,0,10,4,122,1475,824,16,158,33,108,61,31,24,22,23,21,24,526,90,3,13,26,56,497,465,0,1
7,7,12,70,6,84,324,44,29,38,14,109,267,4,0,0,265,32,8,9,1458,3175,2833,853,4169,1116,2,2,0,72,17,80,65,25,5,146,0,0,8,10,115,2,6,0,7,32,14,51,54,194,30,869,638,12,3,348,3,1,13,3,23,10,6,4,36,30,36,13,59,7,5,54,5,5,21,15,6,425,832,11,54,40,68,22,108,323,21,5,2,22,662,122,35,1,45,47,15,10,1,80
95,32,178,1784,5,20,4,2,11,5,16,9,92,0,165,34,37,19,280,0,2978,3546,4271,711,1543,108,0,20,0,32,20,10,13,34,11,80,0,0,5,4,103,12,72,30,12,65,56,139,180,6,0,0,8,28,10,45,66,40,5,7,8,19,34,14,0,45,8,3,606,39,19,154,14,4,16,2,30,34,65,33,9,12,15,10,15,2,14,13,12,35,126,30,0,43,1,17,84,32,16,61
7,26,9,146,26,77,0,731,2548,0,0,0,3,0,1002,33,0,564,1015,4,369,1908,3625,3019,0,0,33,42,3,1,118,62,12,2,15,41,3,128,7,26,2,21,0,46,0,51,77,517,0,16,11,7,11,337,76,4,1,119,11,12,333,973,12,20,11,2,71,87,34,33,181,419,57,51,17,9,7,13,16,14,9,546,426,5,16,18,25,11,46,7,45,21,30,279,25,16,64,108,79,272
13,0,28,1558,480,0,85,317,1367,0,101,49,34,0,5,0,0,3987,3190,3047,1573,154,451,23,15,454,242,0,5,0,13,0,7,52,18,65,82,0,2,48,104,0,6,119,7,16,29,20,3,2,97,312,28,36,21,10,24,29,2,93,64,934,79,7,12,80,18,887,116,36,24,93,19,112,90,4,4,9,248,71,1894,3899,1461,48,454,294,77,14,32,198,20,1,8,60,23,6,52,304,28,129
381,164,9,69,5,0,58,5,2,0,0,1,0,10,16,4,18,2616,3926,3955,2674,7,29,49,0,171,37,9,0,4,0,148,294,7,19,1127,2799,12,91,213,222,0,0,18,17,67,331,38,29,0,52,108,17,3,20,19,17,48,6,11,43,6,17,17,0,2,30,10,21,12,6,34,297,41,19,26,13,135,736,11,1236,2527,13,71,348,888,208,64,17,24,13,18,14,80,7,43,51,1031,554,61
2654,804,5,4,12,12,132,242,0,7,10,0,3,41,0,5,2,851,2172,3946,691,133,0,66,9,27,8,55,0,114,18,33,38,4,0,286,823,5,6,3,44,1,28,67,56,29,17,4,5,0,1,100,8,66,545,155,9,5,15,1,18,95,11,102,28,12,28,2,11,4,17,0,172,52,52,0,2,2,131,30,18,4,169,13,117,1479,626,185,56,348,204,43,563,46,0,194,115,138,470,707
373,72,14,1,422,25,0,6,1,0,5,80,1,8,282,11,5,20,704,843,65,862,226,204,723,4216,1835,5,0,8,83,41,5,0,0,9,170,15,2,65,2,3,46,269,57,40,0,20,61,5,9,102,117,248,175,11,5,82,13,22,31,39,29,65,59,6,7,9,26,61,12,56,43,15,3,0,1,140,33,7,16,16,128,16,9,76,10,26,3,114,19,58,51,11,15,765,2064,311,583,3248
26,6,75,397,79,1037,1570,2414,1293,0,0,259,35,43,474,0,9,0,73,236,101,64,1343,1503,3651,6345,2092,5,748,117,9,2,47,0,22,18,56,0,18,65,2,1,20,3,6,3,17,13,340,217,2,14,103,2002,54,0,58,104,31,35,240,101,18,8,4,34,4,9,80,32,24,48,67,15,8,10,584,346,0,15,12,8,19,9,1,36,46,17,55,277,4,34,107,733,260,18,42,93,1909,3613
1,6,1124,25,29,5549,5109,4436,3422,149,20,0,8,7,3,2,5,61,21,20,18,0,4978,3271,4438,5367,5333,1,500,6,44,0,85,7,9,5,6,24,0,569,79,11,25,31,222,2,30,24,38,7,1111,1799,43,71,68,40,44,112,3,55,293,81,16,0,0,295,1,7,0,30,145,5,93,656,28,1845,338,154,3,61,44,10,7,1,11,14,1,15,90,314,21,297,9,93,1111,1434,1006,938,883,4009
12,2446,6091,2739,3006,5329,5449,4819,3413,3194,996,1588,23,6,9,55,64,216,112,7,6,0,737,2465,5859,2982,3981,36,10,26,39,10,0,5,11,82,9,71,12,210,18,13,32,73,138,32,0,240,2,48,560,2741,52,3,43,1,125,14,20,23,238,52,19,5,21,313,274,16,14,12,11,9,8,51,6,3449,1091,1266,15,167,265,26,18,0,1,31,6,29,0,27,0,114,446,268,347,2909,4107,2117,3712,3896
1070,2472,1836,5690,5248,4977,6941,7787,5897,3223,4274,5067,392,25,4,21,48,3,1,19,4,22,95,371,2446,4883,5664,155,2,116,463,5,0,58,45,81,6,12,1249,248,9,3,32,19,20,5,0,4,28,102,383,202,48,25,1,8,21,21,0,21,50,91,96,46,3,15,43,186,66,0,22,14,127,0,742,4035,4810,6776,56,28,183,27,3,3,712,1249,7,43,58,202,1724,326,671,114,224,1987,2922,4264,1937,2099
2765,4637,1096,4983,4164,3996,4663,10464,9405,6922,6216,5311,4250,57,305,327,11,34,52,65,9,113,3,0,2123,3211,2412,548,15,0,190,79,44,59,8,49,52,125,726,1327,23,135,18,285,140,136,9,6,826,2551,980,259,27,3,6,39,2,47,22,1,0,924,3054,687,25,36,41,26,10,91,40,50,1702,434,1650,4539,4252,3378,0,17,199,5,15,69,1151,1144,137,24,3,0,29,1,240,43,4,21,125,1136,3684,1013
3381,4321,5024,993,7,39,2443,6379,10461,3951,4167,782,0,9,35,58,69,5,496,5,25,5,12,5,441,3749,3105,50,25,0,1,24,7,644,21,19,6,81,0,15,3,55,62,182,54,192,90,1957,3223,4018,1156,44,53,80,311,510,1769,982,65,17,40,41,2174,1489,0,180,424,30,83,115,1,8,107,1540,3307,1054,2212,172,101,73,6,14,3,4,34,108,6,62,18,30,17,99,57,21,50,5,24,58,158,885
55,1323,3996,2125,0,37,193,3331,7411,8265,145,15,3,8,13,0,0,53,435,19,10,36,60,231,1337,800,90,45,38,36,0,8,9,5,43,38,39,104,17,38,4,0,60,1,8,7,462,5179,5978,2844,734,1,139,0,2,5,258,104,6,56,14,37,65,47,80,27,1763,743,482,456,40,80,41,1156,1701,43,1613,541,785,144,1173,26,13,0,5,76,25,401,20,4,1,8,19,93,33,15,511,980,111,17
0,2,9,7,7,291,2623,423,82,672,0,0,24,39,100,3,14,18,21,4,7,18,55,47,1561,568,196,127,13,1635,537,11,8,79,63,1,65,0,62,20,0,14,309,34,9,20,297,3298,3808,564,11,138,64,2,27,20,34,9,16,15,48,22,13,16,681,47,15,53,293,111,49,105,102,36,21,12,206,75,1,41,1369,1290,12,2,13,55,1525,583,16,44,2,1,4,87,380,9,107,71,1,50
91,123,292,148,45,19,325,677,750,10,37,12,12,1,25,16,309,1071,10,24,28,2007,114,179,185,1480,501,319,0,8,27,33,0,10,8,1,398,5,16,0,10,36,909,85,150,1,16,10,122,283,60,99,40,40,3,35,16,20,50,33,47,8,24,33,13,70,117,0,10,8,9,29,27,73,26,3,39,0,394,8,12,0,25,0,12,811,1842,31,5,200,16,11,66,14,379,0,1,0,1,0
53,387,184,877,37,24,134,33,144,8,22,27,125,26,27,37,187,25,0,31,2,282,265,498,1964,540,30,139,0,9,41,146,18,257,5,390,125,12,48,26,6,9,76,86,15,42,20,22,136,348,551,54,42,21,0,22,19,11,14,12,363,28,18,35,14,10,37,114,57,27,26,25,1563,331,9,37,0,0,15,42,15,0,325,40,19,65,17,21,104,903,16,40,34,5,43,0,0,0,14,26
7,107,85,46,0,1108,1584,26,0,16,64,69,25,75,75,45,493,213,27,69,6,11,865,1112,13,109,552,178,5,0,18,49,78,42,45,245,53,12,19,238,21,20,110,68,166,77,14,10,40,81,216,27,15,12,638,282,0,25,10,16,36,0,26,23,17,12,4,253,32,13,13,11,267,220,39,10,40,10,7,20,24,1994,1576,209,42,16,7,0,185,3345,2046,30,3,0,0,0,2,0,205,210
2,236,209,7,28,119,159,85,42,10,177,2089,2480,2921,3191,78,22,135,0,5,1,23,728,1292,1130,205,94,181,4,246,12,108,36,234,631,2963,1462,84,10,244,15,295,133,0,16,21,11,477,2376,88,38,442,829,80,7,22,18,5,10,47,25,22,31,11,10,18,11,12,0,41,25,92,6,16,24,3,87,184,0,0,1872,3912,1746,6,3,38,2,98,287,1964,542,36,11,0,24,28,77,28,16,3
19,0,17,19,18,4,9,718,197,26,6,4,1923,3143,4011,399,366,817,101,1,6,46,139,2391,3680,1084,44,558,9,0,52,599,881,76,826,4110,6261,265,28,18,15,661,20,0,13,18,473,1945,3154,1299,398,85,413,61,61,4,14,13,9,85,29,46,314,71,11,47,191,3,25,218,26,18,8,49,3,33,298,68,35,12,1270,3007,1703,42,27,19,110,70,43,11,173,467,59,18,32,1,54,6,8,0
77,18,0,134,163,8,4,76,2,50,116,7,30,744,4517,1183,47,2283,1167,4,9,10,306,2016,624,2272,1614,62,7,6,2255,1885,3634,1024,1870,1179,1398,110,60,0,7,338,10,21,65,13,140,533,43,23,390,5,43,9,0,47,173,20,36,547,13,37,10,20,15,10,4,15,98,821,77,8,13,20,27,0,7,21,39,5,555,5459,2263,39,63,25,292,245,66,24,29,19,4,7,168,96,0,0,0,0
213,31,3,14,7,31,21,11,0,1005,2728,81,152,1040,1715,91,9,52,67,1,45,47,1712,3565,4505,3747,4198,382,0,3,492,3238,2934,2815,2395,37,271,477,473,66,11,16,0,3,148,22,16,1457,67,17,3,45,12,3,28,0,40,25,15,22,18,20,246,10,42,19,0,14,76,116,559,331,43,5,8,25,6,9,70,263,6,3,52,247,1246,302,121,175,139,141,19,6,66,104,8,12,0,0,0,3
71,35,228,36,34,0,31,11,4,202,973,12,106,450,29,0,0,8,18,6,1,35,1040,1591,5458,4179,1016,19,73,284,98,91,2114,260,398,1167,255,733,2389,257,11,18,16,121,217,499,1849,2784,1205,48,33,252,12,102,7,9,15,99,19,33,106,52,12,15,11,19,42,49,16,237,886,23,67,7,0,19,38,48,424,2417,205,14,63,94,134,1638,21,7,171,275,184,27,340,263,36,6,0,0,0,0
21,22,56,79,27,7,233,2810,339,45,8,13,2,7,39,21,326,1041,20,19,22,831,62,15,1319,233,0,67,146,40,24,53,245,28,142,831,1170,6019,537,4,451,80,34,2675,3801,4623,4142,1078,32,21,43,34,6,239,23,17,47,68,37,3,0,21,15,27,7,3,58,9,30,16,2063,76,17,228,11,1180,155,40,29,272,439,64,15,43,12,46,0,8,17,12,12,0,18,6,35,1462,882,0,0,0
61,416,350,47,85,909,5186,2900,1043,0,19,2,60,12,2194,1089,2326,3266,7,10,715,2261,4966,2124,39,13,0,61,31,18,111,32,79,4,21,21,1565,5887,2029,12,890,231,25,1933,2472,4057,3276,5188,3942,82,38,30,11,3,31,30,8,19,35,32,30,0,3,7,53,30,19,55,508,1508,3136,1150,4684,1157,52,1860,14,10,11,14,50,18,79,73,4,36,94,13,12,63,254,12,0,11,1,8,155,4,0,0
659,311,272,2016,3974,2174,4977,946,14,0,11,12,23,165,3592,4199,3127,3688,138,19,2859,4365,4737,1300,0,10,19,471,16,106,124,66,142,12,42,21,790,2984,148,27,38,118,1753,3674,5731,4906,4119,2792,349,10,25,49,15,29,12,4,39,13,35,6,27,18,9,35,587,103,8,7,3339,4976,4365,2993,5439,685,0,4,10,395,16,10,53,19,0,21,1298,2300,2547,15,11,21,286,5,14,0,9,0,0,0,0,0
656,35,12,3912,3673,4107,5126,3838,1387,0,0,21,10,721,5909,4761,4850,3915,577,335,260,3611,4327,34,0,0,0,93,16,231,32,43,55,1,21,207,3290,1817,258,113,85,145,616,4185,4570,2863,1194,22,121,40,52,48,43,108,18,0,8,94,17,157,89,11,12,10,26,18,48,338,1228,3897,4220,2797,4054,4365,2,28,29,277,209,97,175,33,32,15,678,1111,716,653,16,1,0,0,0,0,0,0,0,0,0,123
270,94,231,2892,4116,3268,4532,4860,2789,77,22,2,307,1830,3178,4403,5552,3033,277,403,404,2552,2936,106,59,69,98,30,11,145,12,27,5,47,106,59,3050,889,260,1714,57,112,64,479,19,21,14,15,22,0,24,59,36,190,0,32,404,175,7,14,17,47,9,37,3,32,719,2208,706,4258,3643,2974,2266,1112,12,0,27,49,405,9,158,8,0,66,3765,4353,0,100,0,0,0,2,0,0,187,88,0,0,0,43
7,6,33,729,1035,2344,5582,2831,124,105,10,22,14,1389,3381,1270,2008,396,160,41,561,233,652,2172,25,207,38,13,4,155,110,0,16,75,26,64,3792,10,208,702,128,75,11,518,4,13,142,5,0,17,513,17,91,32,24,36,22,9,9,10,3,49,47,49,38,15,491,1116,85,2087,4138,6086,3494,1399,18,76,21,873,1521,702,36,19,13,35,2113,2487,106,0,0,0,0,0,0,7,30,1000,0,24,31,82
149,208,99,94,117,269,2001,687,40,215,28,1,16,2577,936,21,1222,4280,393,6,9,0,138,43,1091,1226,80,0,2,17,93,611,1806,2427,487,158,5390,2,14,30,190,19,5,50,17,16,47,660,20,886,1535,0,0,12,1201,798,8,19,19,49,33,24,6,2,173,129,60,19,6,51,4833,3321,3786,1836,535,142,42,537,189,1166,120,298,19,15,24,0,24,10,12,2,0,2,1,1,16,10,25,2,34,76
972,3093,180,49,21,97,858,1279,671,834,117,7,43,1683,2426,699,526,1695,1458,1,2,0,74,253,665,482,341,16,170,798,1566,1041,933,2119,5039,4301,3800,6,43,20,28,17,2,4,55,179,344,148,131,1427,12,10,82,25,138,1300,473,68,71,142,30,6,8,75,43,10,0,26,23,160,1521,1825,74,15,256,102,49,10,276,113,68,91,34,41,0,1,37,25,5,12,0,0,1,191,28,10,22,6,28,776
90,257,67,258,873,172,901,3139,144,1538,29,31,2409,1058,126,288,2,176,61,15,2,8,0,21,147,1482,832,130,346,35,1748,809,742,1356,4164,5529,3241,15,61,68,375,16,2,0,0,2203,2635,1020,1,4,7,288,69,43,1104,1551,19,0,82,130,229,82,19,66,17,20,73,17,21,54,1577,1229,61,24,191,129,51,79,1821,111,21,184,23,339,40,11,81,68,1,100,1372,733,24,161,22,3,9,24,54,7
26,215,24,197,503,4,23,30,2769,3725,3915,1267,764,544,17,38,62,92,1311,23,58,4,504,1801,4660,3055,3531,240,77,61,15,10,21,19,1451,2407,4092,23,707,845,851,45,55,46,98,2251,1859,110,22,16,15,17,42,29,9,37,14,33,97,22,668,7,44,73,36,16,104,441,55,6,85,230,29,0,42,2,445,170,54,50,2,1,3,141,59,67,49,76,11,8,124,1403,44,4,24,4,17,89,26,24
