11,8,2,97,737,21,12,6,316,3751,4695,4377,2039,292,56,1684,2663,324,41,70,18,8,10,19,55,150,37,4,20,110,14,433,14,35,2008,6843,3260,424,1078,206,90,327,30,5,558,1585,9,82,37,16,16,7,34,13,9,3,13,49,766,1660,79,3,11,42,2278,908,6,7,145,232,49,22,140,149,0,19,32,30,3,159,6,13,20,172,19,9,2,0,51,7,232,215,32,31,166,2660,690,1,2,0
43,175,35,56,113,7,165,20,89,2997,7171,6133,964,151,125,802,281,138,2000,2785,171,6,20,9,92,7,1160,543,9,12,390,443,3792,2121,3919,8533,6003,4125,280,28,261,12,3,343,446,1248,49,10,16,4,16,41,19,18,15,98,87,2201,194,1429,45,25,33,538,940,21,11,21,478,832,137,0,0,0,16,37,297,47,0,90,887,668,4,9,16,65,30,8,23,27,270,292,72,15,62,44,5,0,1,2
733,7,46,48,33,34,46,1,0,2811,5966,2785,2678,642,187,380,32,234,4753,4984,2444,0,17,241,1239,388,835,285,19,17,231,5438,7676,6835,5996,9424,2942,34,284,106,81,2,1309,4432,2894,69,56,79,30,14,38,14,12,41,0,0,113,182,24,26,4,9,197,430,27,8,34,2,236,64,34,38,6,14,104,202,37,0,0,150,4430,2069,2,5,28,607,75,1,1,0,70,3,8,204,744,138,1,0,0,0
326,616,1476,821,1045,661,71,1843,2136,4276,6092,4610,1695,982,366,9,50,72,1665,4970,4839,285,376,3038,5357,4513,4445,4435,1114,943,2783,3444,3301,6316,2862,6377,2097,114,52,113,10,528,3600,4874,2519,23,1368,185,5,22,73,46,16,12,52,55,193,129,211,53,19,122,271,17,7,19,1276,3028,3902,171,167,608,193,146,10,26,42,372,178,303,4296,3579,0,0,2,87,0,0,0,0,0,7,0,21,2394,2151,12,2,15,0
58,845,2506,449,1705,922,984,4497,2896,5693,6377,2975,3417,5119,2387,145,45,1254,1107,2098,3085,474,811,4673,5528,4561,6349,5464,3795,5928,5161,3518,3207,7892,7439,8398,921,2141,442,143,49,2045,4231,2739,23,10,24,107,60,23,13,127,83,44,11,52,115,625,4798,222,318,2285,4618,1970,7,94,3597,3239,1137,207,158,925,77,34,688,125,23,87,126,13,1422,718,62,0,13,168,5,0,9,14,0,8,0,30,440,1482,6,0,0,0
98,5,233,1136,4903,2742,1278,155,55,530,2205,3002,996,1672,4406,1709,7,475,138,12,14,189,163,115,712,1023,3530,3640,5747,6595,2494,5219,5838,5367,9629,7629,1,2555,5788,2685,1357,3097,2458,54,132,57,70,84,61,34,284,336,35,69,22,41,32,5,2525,3292,2095,2253,2817,998,121,193,1626,3078,3928,634,0,282,250,124,3641,1257,54,71,138,22,1010,2922,54,285,65,102,170,20,119,569,503,40,8,7,16,0,0,0,0,0
28,38,10,407,1230,429,588,201,700,615,2732,3849,2996,0,580,616,1015,125,366,5423,3711,2345,182,22,84,3477,4680,5991,4157,4372,6322,7676,5075,7777,11906,4784,971,5624,6347,3629,2645,4469,195,1315,615,354,1510,52,1,20,35,399,54,826,225,0,8,587,2064,4439,1849,3038,536,3,13,3,1180,1141,2626,102,18,115,506,2000,2735,4663,2278,120,204,50,171,50,91,248,3184,425,1528,56,0,70,0,16,50,0,0,0,0,0,0,18
1492,137,1130,1254,90,34,45,366,1559,2684,854,6160,1335,257,228,1268,2897,3985,5654,6176,6338,3492,1420,666,1240,5891,7973,5163,7130,5608,5438,7858,6005,9754,12057,662,3927,7440,5172,2975,3550,4074,931,1236,3361,4524,5390,272,28,1663,1985,172,207,6369,3147,1495,26,1052,2134,4534,992,632,625,0,60,30,131,219,2023,47,65,582,193,1276,5698,5202,2517,44,27,1211,2367,533,1173,2775,4362,641,4761,210,45,25,51,3,37,39,109,0,0,0,0,0
2940,22,18,116,525,415,133,287,2825,4409,1651,811,3545,3252,3190,4656,3256,4867,4467,6129,8657,4991,3447,4579,3234,7272,6205,3428,6047,5876,12153,6879,7211,8081,8896,64,2367,4271,6850,2910,6256,6252,4116,2763,7773,3785,774,2,167,5232,6334,1998,2137,6391,5556,4112,408,36,422,921,24,139,980,180,40,21,3,218,403,17,130,944,34,49,273,346,24,17,259,5098,4248,2400,205,23,1642,654,2646,2505,136,164,214,3,0,0,0,0,0,4,1,0
1537,12,0,11,767,3140,192,563,626,2328,4913,4362,2630,1091,8125,8802,7734,6665,6330,9654,7335,11370,2369,2188,5422,6611,7730,2259,8646,6345,6649,14823,10878,11627,10684,3027,10411,7706,8882,3953,7807,3435,4056,6423,4230,54,24,0,337,3733,5754,2894,1306,4354,4486,1055,99,32,119,61,61,24,3,94,6,29,49,679,2527,2371,48,40,838,1567,794,268,82,25,28,749,3619,5968,1524,6,9,66,161,3332,754,35,3,3,13,3,0,3,0,0,0,0
1032,88,33,224,306,1164,7,4,191,1334,3407,3419,3776,4085,4977,8620,6270,8249,8374,7875,6380,5678,4366,8980,5013,4344,7457,7801,8656,5149,8393,13900,10488,13182,5755,1979,14424,11356,10088,2666,7041,2286,5234,7505,4732,1452,901,3642,2558,3199,5429,4527,4576,4844,3879,645,132,5,14,98,58,18,101,29,0,38,9,3783,4177,1982,2630,5450,5115,4741,4204,733,1493,3069,363,1934,1059,1567,2697,2744,1778,1337,3,1339,233,19,0,31,80,293,0,3,0,0,0,0
1643,166,50,1226,605,428,3,478,3040,1169,4162,4456,5761,6978,7242,8558,5743,4666,7548,3999,6150,6695,7689,5926,8804,3725,2944,2715,4547,6040,12074,11863,11136,14647,5514,1813,10967,13616,9197,2442,6874,3435,8166,8648,8611,5671,5169,8179,5762,1876,5909,4758,5607,4585,2551,1374,1632,2271,53,49,45,11,1346,10,12,107,2932,4311,5949,5947,3479,6317,5720,6063,2892,873,2878,5106,3148,3239,1267,1126,1644,3470,4304,2846,2215,2582,64,5,9,230,22,931,14,12,4,0,0,0
1599,371,958,499,528,8,15,346,3049,4160,5041,5007,5849,6747,6040,2822,1776,4599,5937,1936,7270,832,3578,2835,8120,4441,822,912,5832,13584,12431,6969,9971,15809,10846,798,8121,13777,12666,8973,2741,1013,6020,5549,10048,10594,8708,8240,5000,2600,4078,5105,5647,4312,4031,2107,1955,4535,258,33,55,4,30,10,0,30,1814,2436,1628,2138,2373,1719,5621,1184,404,17,2082,4320,1846,1974,4035,2688,1599,2715,4821,3481,3642,2960,2464,1616,597,217,37,881,2869,711,0,1,0,0
760,45,193,344,977,15,1316,3531,2656,3727,6623,5592,7815,7869,6922,2467,5347,6417,7287,5812,7423,7591,7532,5730,7902,3929,1702,397,7012,12797,16828,14023,11172,14139,16310,7546,235,5577,13541,11995,2026,2583,2293,8571,10728,8269,5977,9385,7975,6618,2333,3623,4126,5199,4913,3882,3401,1225,23,93,17,0,3,48,66,13,15,51,210,51,157,789,273,2,0,1,940,2977,1225,273,647,1706,4989,5337,7621,6214,10366,8072,6971,8623,3805,1392,1856,3481,741,681,0,0,0,0
97,35,17,49,307,824,1645,2399,1706,1483,2826,3471,6348,7547,6128,6583,8192,8119,8962,3336,3361,6255,7061,12067,8911,11219,9754,11660,11044,15500,15248,12670,15524,17692,15266,14809,8024,110,9237,14072,12742,10400,15301,13352,11758,7864,6837,7896,7812,7038,2189,758,7110,5001,1499,2591,2320,9,94,106,0,14,32,532,103,2,162,100,4,12,135,110,0,1,0,0,0,205,248,0,0,0,16,618,2577,2742,6507,6653,5287,8524,2640,2902,4937,3912,2323,2,0,0,0,0
56,178,415,55,536,3960,1811,4094,2482,4,782,666,4970,5753,4641,2769,2997,6685,9514,6209,10053,10708,12255,7990,13364,13411,13155,14639,14502,14691,11292,13455,15034,13053,12459,16670,6998,740,3336,13628,14822,19448,16156,8903,9533,8593,6482,7813,6988,8994,5914,1840,6090,1003,7,41,190,19,45,54,4,17,6,13,13,17,15,6,11,3555,2186,627,0,0,0,0,0,76,3103,3659,2152,365,0,0,0,0,0,0,0,944,1043,848,3555,1582,260,0,0,0,0,0
5,17,2695,70,974,6337,1536,5031,3216,1199,901,4638,5025,3880,5505,4180,4134,5894,7075,1237,3366,13857,8340,9736,9941,15945,10916,5232,6575,13539,10630,12507,16381,17280,15027,11643,14479,6609,5544,13544,15997,17646,15743,6176,11254,7275,5161,2668,3507,5603,2803,4954,1810,2272,160,10,30,11,5,623,9,0,0,0,19,8,1272,174,3481,6586,3501,586,0,0,0,0,0,1845,5811,5106,4724,3908,342,0,0,0,0,0,0,0,0,0,0,0,0,0,0,0,0,0
30,197,1443,112,111,6798,2887,5728,2667,6703,4042,8437,8371,7897,5724,3389,2989,4288,4663,984,1194,1178,3074,8316,21639,20212,16044,11539,6035,11831,17843,13798,14749,11904,16125,16697,12294,15318,1364,7685,13485,10711,11309,4383,4,391,2251,382,12,0,220,1989,3864,3374,190,4,8,4,986,3919,566,0,4,6,413,24,24,945,3609,2405,6,1,0,0,0,0,0,162,1055,2103,2579,1117,6,0,0,0,0,0,0,0,0,0,0,0,0,0,0,0,0,0
940,42,487,2057,101,4357,4590,4231,7097,5500,8244,5526,4971,9431,4630,8813,7379,7188,5246,3799,7833,5622,2562,11149,18434,18988,13362,17570,8292,8281,8290,4800,4051,5955,17529,16700,14724,15049,8033,5651,12089,8826,8405,4593,0,1,755,3977,355,0,0,1,2289,289,5,12,1807,1134,5315,1852,64,5,9,278,1038,559,669,157,1075,11,0,0,0,0,0,0,0,0,47,0,0,0,0,0,0,0,0,0,0,0,0,0,0,0,0,0,0,0,0,0
440,125,412,469,137,2203,5128,25,1543,5538,6887,4229,12689,6491,2190,7793,11432,5760,6528,7053,10903,9404,15576,8785,12288,13492,4906,1055,3865,3371,2292,3775,2884,2112,12249,10093,8571,5974,7993,378,6590,627,2225,4361,1679,3268,6802,5551,0,0,0,0,0,95,99,318,4042,830,3079,1487,267,3296,2380,230,62,11,16,7,17,4,0,0,0,0,0,0,0,0,0,0,0,0,0,0,0,0,0,0,0,0,0,0,0,0,0,0,0,0,0,0
5575,4985,392,1598,216,2808,6379,2146,4571,4780,1339,5537,7311,3906,2006,5135,11083,8463,4493,6189,12230,11410,15392,16449,9869,12814,7571,7347,3668,5681,2379,11188,17515,16608,10242,8336,5024,12808,6174,2046,53,814,3377,3777,7129,2141,5366,9149,4150,2298,327,0,0,0,2,98,1459,16,28,2559,5880,5198,4214,1558,3255,1529,2,1259,635,0,0,0,0,0,0,4,0,0,3,0,0,0,0,0,0,0,0,0,0,0,0,0,0,0,0,0,0,0,0,0
4750,5721,1008,246,0,1021,3070,790,1831,6055,2035,3930,8721,2685,23,29,1891,9988,4128,4148,8053,9501,7507,8668,17333,19950,12633,13354,12990,22714,7207,15680,14917,14571,12591,8827,9647,9858,4698,6750,3815,5008,9374,9179,13024,11306,8390,3441,3549,6258,4795,2075,0,0,648,3381,1926,0,495,6012,2387,3855,5460,461,3956,1171,53,1404,2149,0,0,0,0,3,4,1,0,1,0,0,0,0,1,278,388,0,0,0,0,0,0,0,0,0,0,0,0,0,0,0
422,2122,1713,81,3,1319,469,1488,3896,1515,1762,4637,6399,4112,1912,3793,3028,5500,3430,6462,5494,3336,5156,9429,18972,12575,14037,6601,2239,4711,13758,13648,15246,12321,11130,10125,10741,10488,5319,4781,7727,8182,1426,11019,6309,5458,3050,5344,6261,5631,5642,7229,2539,10,0,52,505,4,1693,1733,2682,5677,3763,336,1051,58,64,20,285,0,0,0,4,6,0,0,0,0,6,0,0,20,8,928,45,0,3,1,1,0,0,0,0,0,0,0,0,0,0,0
10,80,318,1624,144,178,43,96,56,152,5253,6614,7387,5845,8256,7439,4441,39,2107,5382,1493,4036,3119,4048,14561,12555,9972,13631,12200,11668,16649,13733,11636,12794,11439,11538,9765,11015,7017,2365,4294,4521,5191,2985,843,4749,5454,7520,5678,4230,5690,6812,2744,2,207,312,0,0,0,0,0,0,0,2557,6382,1962,0,0,0,1,1,0,15,1752,29,66,7,1,14,6,63,78,25,252,3,0,0,5,1631,3,0,0,0,0,0,0,0,0,0,0
201,378,310,15,98,0,0,0,0,52,392,4941,9439,9887,7356,4254,5052,333,7050,6800,9339,7044,4621,10626,5899,5219,11853,12772,11343,12694,16048,12042,8865,10898,11425,7749,10663,8318,7673,7449,2454,5413,6431,4313,1492,6509,5463,4051,5191,4219,3522,2633,3160,736,2732,2400,0,120,945,1678,0,10,0,0,495,7,0,0,0,0,0,0,6,659,44,76,0,107,1572,68,59,4,270,478,0,0,0,0,0,0,0,103,0,0,0,0,0,0,0,0
871,370,20,216,1036,1867,1199,3,2149,2820,3666,1363,4376,8581,6542,5223,6875,5743,8086,737,1742,3237,6347,8279,9590,10037,10029,9634,7484,11706,13962,11138,6806,8579,8395,4542,8604,7262,10565,7417,5102,3816,4043,3501,2878,6484,5836,3625,4135,2961,1485,3813,4595,6489,3405,5473,281,2969,3866,3150,4618,2593,933,1743,2269,2213,15,10,3,0,0,44,8,72,101,62,2,2,0,51,7,34,9,0,0,0,0,0,0,0,1,2154,7399,364,606,34,0,0,0,0
293,5,15,0,4,2780,4302,86,4687,6902,6917,4304,3904,5470,6213,6333,5273,950,632,7,124,972,7046,4605,10841,10278,7516,6081,13350,10854,14398,10067,3883,1412,6219,8495,9233,7218,9918,7414,6925,3440,2486,1958,4529,6171,3180,5056,3451,2335,1053,1250,3483,5642,2552,4130,5473,979,11,108,1273,70,3018,8526,7512,5019,5367,1012,17,10,3,165,15,1845,796,12,10,439,121,22,21,1,0,0,0,0,0,0,0,0,107,1777,191,892,2141,2347,148,78,8,0
46,589,707,797,612,1501,2748,466,197,4390,5923,2274,5546,3380,6173,5143,2066,3665,252,0,11,865,957,3050,3499,7477,8886,8754,12010,4910,11904,9813,7375,1554,5105,9182,8297,5390,6280,6933,6066,3089,6123,4623,4629,4949,4524,4421,1353,79,1677,2622,1069,2320,1335,95,692,449,508,1067,16,5,3315,5549,4240,6507,5923,794,61,54,7,653,5,66,8,823,109,2390,2860,55,6,0,0,0,0,0,2,2,0,0,365,1386,1689,1774,4217,2278,831,488,52,178
1589,3081,2755,2981,3508,2819,5330,4971,3404,3145,1255,3549,6793,2957,5022,7061,3872,4443,3386,32,1374,1252,79,1150,3274,7026,5703,14172,10896,9719,9377,9472,8716,6476,5709,8949,5865,6002,5444,7382,5862,3251,5282,5842,1631,2630,4460,1182,1649,46,1802,974,136,734,1035,499,1146,1463,14,70,277,148,93,1828,1364,4542,5558,169,43,634,1184,1356,45,114,1236,550,839,82,1007,0,0,0,0,0,0,0,0,0,0,1,996,679,24,63,1234,35,45,22,440,427
2632,1033,3827,2355,4880,4451,342,1869,4767,6336,2667,2,4100,4818,1244,2203,4975,4206,8418,5350,971,733,1275,4326,7061,10399,9775,11509,12697,11865,7606,4049,5729,8587,5626,8452,2346,4376,1125,5317,5007,666,2163,1830,1610,534,1425,1795,779,269,143,2253,1496,56,11,776,6,52,169,81,155,522,94,1634,21,2050,964,146,17,522,81,133,888,3637,3760,285,1992,1049,11,1,2,0,0,0,0,0,0,0,0,0,1,0,7,0,0,19,19,5,427,9
224,88,350,1320,1502,371,1,0,961,2779,3068,1950,966,3778,953,11,20,4201,7535,8704,4596,2125,4515,7868,6503,5449,6287,9086,9042,7820,9041,5764,7960,5593,6595,8779,5848,5082,4556,4823,4737,4396,1824,1945,871,1411,4914,637,33,55,2946,2722,520,123,9,1503,2447,154,45,567,447,549,682,1569,39,49,20,23,4,12,444,1714,5041,6464,1099,83,1345,4417,1137,0,1,0,0,0,3,0,0,0,4,4,0,0,0,0,0,0,0,6,949,0
1111,680,502,10,648,482,1224,1207,621,1192,2276,502,1793,5393,3880,1318,49,1952,7973,2745,7164,6659,4003,3631,6165,5899,5036,6822,2744,6724,8433,10995,10458,9084,9645,1632,6022,2442,3242,5136,4475,5789,3803,1251,1078,2402,4884,5470,102,12,3674,4015,1657,31,0,214,695,17,11,232,2505,1229,1281,34,10,206,147,245,89,1,13,4240,5470,651,2276,782,2432,9845,7245,1988,128,0,16,2,94,24,0,0,3,187,86,0,0,0,0,0,0,0,48,0
776,122,182,1372,557,44,335,2501,3537,467,2463,1009,1104,2517,1968,3037,1100,6670,9232,4456,3440,5642,4074,3571,2792,5247,7018,2962,307,619,6244,11376,8781,6012,9538,5060,5982,2207,2313,3883,2405,1932,4655,2919,4201,3525,4312,3542,52,30,767,786,154,65,196,83,267,0,24,114,1968,514,116,376,1912,658,123,6,3,17,783,561,571,2445,7210,5534,6910,9074,5076,4124,2476,294,294,368,856,864,177,0,19,1637,1132,0,0,0,0,0,0,0,0,0
27,577,147,2972,3801,1507,202,494,715,2273,6190,3467,1198,231,2044,2865,3880,4343,5828,5186,4748,4696,5741,5650,6172,5628,6391,8589,3787,65,4163,12744,8970,10465,7747,3427,2514,2624,2870,4539,3172,20,2167,1231,3074,3740,4049,5170,112,1,749,47,0,38,838,266,0,16,94,38,888,225,20,2,682,68,12,23,0,18,850,426,967,2397,5806,6641,6689,5140,3452,2379,3995,3606,4649,122,441,145,72,25,19,44,2263,1291,0,1,0,0,0,0,0,0
83,96,628,1419,2178,614,549,2877,1639,2157,3029,4081,756,1205,944,2958,1953,767,6679,3993,1564,3500,6154,5773,5561,6095,6721,6568,4220,1332,2115,5990,4430,8039,2052,2389,4229,5523,3214,3556,928,224,2291,1996,3245,4367,3826,2276,56,34,6,5,22,641,595,0,8,37,181,90,4231,536,27,147,996,52,6,1,0,33,226,90,0,1050,3849,2845,4868,2237,376,176,4036,4755,2164,42,227,82,264,16,75,1123,4827,1651,1,19,15,0,16,1,0,1
38,142,330,493,4680,4564,1144,3840,3881,1688,2820,4499,1398,1537,1422,1377,202,3821,5712,3324,4496,4655,5032,4307,6396,7043,8878,4976,6132,6767,5178,6142,8331,4286,79,555,280,2214,401,2157,740,1018,594,2283,2946,4674,4389,813,115,144,49,3,37,187,20,40,39,394,51,197,291,64,33,142,66,125,18,20,3,314,1160,841,17,0,746,4130,4924,1224,1187,3470,4413,2207,49,200,202,1721,279,461,1930,5057,2783,539,1750,21,13,1,358,1,0,58
74,418,2477,1960,1922,994,125,1585,1718,979,850,1076,551,480,644,3281,1892,3156,3958,1941,3311,3439,2681,264,4146,7762,6705,4743,5043,6527,4482,1959,6236,2372,1645,1778,1438,3910,5522,15,49,177,60,27,1,2065,2018,333,45,196,35,9,23,12,12,16,711,2236,39,1,24,56,43,250,155,118,12,3,9,260,787,527,14,6,640,4775,5598,1901,169,2306,5074,2660,6,56,132,37,124,177,706,4079,3957,5525,3043,192,39,604,104,1,0,19
27,53,127,746,2881,2007,137,694,289,592,26,90,74,135,181,623,61,51,27,1145,3324,4547,2347,2261,2452,5470,2184,1766,1926,3200,2291,2678,5140,2643,2797,4919,5559,1352,6008,498,17,385,127,327,5,117,146,894,131,493,30,166,5,0,16,205,120,947,305,27,63,31,84,800,1002,31,5,2,12,557,1510,21,625,9,833,3091,3548,4928,29,328,89,39,48,24,33,29,78,114,680,1583,3752,1909,374,443,443,1724,38,106,36,33
28,112,65,1876,3242,2033,2702,632,244,104,41,353,870,716,608,132,7,361,34,2732,4987,3717,843,450,1077,727,1578,95,138,1106,2201,4660,1838,2885,1085,1577,362,29,3349,1778,65,485,44,196,312,28,40,69,367,300,9,469,184,2,8,150,125,97,83,103,114,0,179,498,1521,8,14,39,38,3384,3457,3,151,406,145,88,749,715,15,45,16,9,79,119,141,40,0,31,138,175,356,258,52,26,282,46,144,30,25,156
665,635,3545,2127,1674,148,3726,104,159,129,3632,2341,1324,1722,1147,156,12,8,20,2139,3522,4583,1245,1250,1521,2705,531,398,973,1606,3822,4388,2913,977,2763,102,113,30,22,22,97,191,28,117,39,15,4,53,487,134,30,41,70,132,48,32,51,18,21,64,30,89,24,84,221,15,143,182,125,667,743,1,1139,521,23,16,0,1,20,6,38,3,23,66,14,36,26,172,317,10,23,78,41,12,205,40,66,34,24,26
3340,5666,3040,2190,1448,39,126,9,23,0,209,1065,1689,115,612,113,116,150,2039,1499,2322,1710,1135,2684,2687,2763,612,2018,3674,3128,2532,2469,2345,1403,1761,1521,582,430,7,4,60,3028,621,321,187,28,27,251,514,108,153,503,650,958,415,83,84,11,2,12,1092,267,34,55,60,173,270,201,76,2215,3125,33,79,328,157,389,13,81,5,14,18,23,4,8,19,27,4,52,19,34,20,33,30,83,52,14,22,27,53,127
4817,2481,506,50,154,27,22,4,18,65,143,83,166,11,73,80,1216,3039,3184,566,134,37,1303,2079,1660,586,230,1254,1308,1179,2775,967,796,2065,2031,1871,1996,91,26,8,328,4132,2152,58,48,162,133,10,4,15,132,649,325,424,1891,1180,65,47,15,38,17,219,105,221,180,136,271,312,906,4887,4009,2323,2456,255,54,335,10,70,59,382,56,18,15,13,15,13,94,24,9,15,104,22,9,28,15,36,17,41,34,228
3679,3456,311,26,179,43,0,53,66,109,103,84,13,94,28,420,3401,2102,1689,496,533,840,1653,4533,1191,24,68,654,290,666,1219,3213,1170,972,1546,697,285,114,17,8,283,860,229,163,41,104,21,16,31,26,195,1438,474,733,895,215,17,18,0,206,1615,2054,505,160,30,450,54,1526,617,1905,859,1603,777,369,2219,2517,3257,496,19,209,62,35,10,18,0,9,0,55,78,50,15,16,69,289,12,312,95,3,11,0
2579,684,227,154,798,370,70,122,4,33,218,11,15,485,3027,1390,2737,1858,317,4,42,6,1449,2674,796,814,153,105,1016,1514,0,166,5803,2483,2566,41,335,472,0,4,13,543,99,119,32,2,12,66,11,215,1426,2850,1551,3968,854,184,50,143,249,539,253,101,320,48,25,44,10,132,72,144,614,62,53,1954,3678,2201,7256,3284,2494,870,62,2,24,40,0,20,1,33,13,22,9,10,55,1,23,15,181,0,28,24
129,383,1312,964,782,59,2,67,294,322,443,91,1298,2121,2044,1117,394,823,90,207,100,18,1205,713,710,299,115,77,95,70,54,313,2261,2344,1981,11,215,355,4,15,9,11,25,64,36,9,160,666,654,126,1151,1690,2970,2314,315,85,45,53,436,318,110,233,19,2,24,0,878,1806,2687,167,36,9,664,3794,3190,5164,4770,705,2523,3196,1104,122,0,4,152,9,14,20,80,4,4,10,28,24,34,48,21,14,9,24
201,12,221,549,83,15,0,30,1221,1639,48,98,1338,3101,1793,9,33,267,3,0,263,109,833,9,852,97,33,8,192,155,13,196,396,1514,1364,122,214,117,38,3,45,2,4,102,2012,542,138,68,150,11,27,541,2115,949,4,69,75,144,211,37,63,23,4,0,40,231,854,1172,505,131,25,16,1734,3322,3404,4725,4754,1926,2547,2717,72,128,19,377,182,26,0,23,2,2,17,26,6,17,8,17,6,21,86,50
205,3,24,0,463,345,2,444,44,875,105,747,1220,763,130,13,175,238,12,5,53,51,30,10,1089,241,33,69,278,1879,419,61,70,247,42,30,26,35,1387,1261,606,55,66,92,651,149,127,3,114,6,7,25,1194,938,3,53,28,0,20,12,441,252,35,23,67,198,103,126,400,1294,530,101,159,497,252,276,2953,4961,3340,133,44,111,219,22,4,102,45,101,55,19,38,2,43,48,2,67,11,4,1,35
185,2196,868,0,538,61,33,481,144,704,161,138,229,34,22,12,111,64,0,217,258,25,0,74,61,139,11,698,1074,4001,612,88,53,42,445,1085,22,39,1076,1946,817,147,309,45,4,37,105,91,86,135,10,62,235,468,43,108,55,6,0,214,44,173,46,31,157,16,8,7,609,202,61,74,176,112,140,857,2029,2357,5359,191,108,231,134,62,43,98,901,704,134,1303,208,5,67,37,15,49,17,8,11,6
719,3635,3607,22,133,71,104,39,67,143,11,65,22,8,11,11,521,86,149,508,329,189,76,24,226,1516,1247,4174,4701,935,108,92,138,46,487,725,31,63,215,1013,2364,223,301,43,49,51,59,78,206,92,24,75,165,53,30,61,24,68,17,62,45,10,39,27,23,36,46,7,63,48,43,48,101,1193,2308,758,743,478,1408,39,82,952,14,267,73,22,50,13,131,638,27,13,26,26,38,37,8,14,23,1
1499,3309,2489,149,93,5,18,19,33,8,41,29,11,11,37,15,1010,1145,71,494,301,291,145,169,1809,3106,3200,4740,1895,66,465,299,838,978,49,81,23,173,74,271,2335,33,26,46,247,54,9,9,44,14,8,28,368,291,48,74,157,81,16,85,60,25,397,1355,62,44,33,22,221,629,482,34,95,401,679,248,188,269,145,458,103,171,224,570,533,54,52,355,40,13,38,57,21,63,11,90,168,153,21,119
4638,1154,156,1,47,0,5,0,0,0,12,1,8,60,21,350,4452,1154,19,758,597,73,43,169,208,2765,3609,3662,2817,94,1173,52,22,8,32,64,59,30,19,3,91,18,25,36,51,69,51,34,50,15,13,7,43,61,77,145,327,140,546,1690,336,131,249,940,38,42,149,472,16,384,45,204,59,89,38,182,13,46,67,63,245,646,151,100,194,19,19,118,28,34,42,135,171,171,129,1148,17,10,7,0
571,28,32,29,61,3,61,25,116,9,3,10,33,441,1561,279,3330,889,7,531,349,15,2,34,469,4379,2402,468,763,37,536,114,19,9,15,169,1475,83,32,12,45,17,16,147,77,35,286,68,11,4,13,17,4,50,92,71,849,1184,1055,4416,4127,479,43,254,237,93,1473,806,39,266,126,37,60,51,48,19,5,40,42,8,68,418,40,13,193,75,48,112,1,0,35,76,14,62,155,44,50,7,7,20
1164,600,802,243,134,287,69,608,800,167,88,29,117,11,38,7,1534,2834,16,106,169,105,56,51,38,190,59,1318,2767,12,42,28,1,0,34,68,31,60,23,53,16,54,82,844,2106,32,52,73,37,2,13,17,152,21,3,49,171,1382,1450,3828,854,26,8,55,5,62,4,45,27,88,65,52,46,186,20,53,51,10,43,41,0,111,12,11,35,40,41,13,27,39,409,22,19,11,20,29,102,16,118,67
1006,173,134,220,5,33,214,103,254,239,52,97,25,6,17,25,309,44,44,34,71,24,307,37,66,91,81,342,910,153,37,41,15,38,25,450,158,53,20,37,1,9,13,1567,2210,10,17,109,148,114,70,239,113,76,650,423,59,479,2469,2039,34,26,55,0,3,48,37,57,52,45,7,146,75,23,28,88,34,19,101,21,33,37,41,23,24,15,48,9,25,216,110,13,0,30,116,4,92,100,21,47
773,993,450,42,15,130,93,3,178,374,176,239,39,40,0,10,203,287,82,4,43,40,97,110,24,11,52,161,298,89,55,237,201,28,79,129,408,81,67,27,44,24,30,172,1112,78,19,45,10,56,52,42,86,13,2,10,56,909,5762,3365,402,65,68,7,1146,347,1214,1049,152,33,68,91,75,47,34,90,99,24,121,29,77,36,136,18,28,18,21,0,45,25,57,3,355,65,40,26,47,395,10,268
623,1205,354,81,21,19,91,28,206,42,108,204,103,11,10,81,66,314,52,5,164,36,2,41,8,44,120,2004,2100,459,16,40,47,45,37,66,65,25,756,1104,1,11,12,151,57,78,52,121,23,55,49,8,75,22,20,7,69,115,498,29,8,21,74,69,170,137,2851,2671,51,72,4,80,37,272,1883,192,35,64,928,46,42,21,49,2051,485,57,12,30,24,1,16,147,242,17,1,0,131,89,5,888
3,362,556,363,52,13,13,0,11,12,10,44,16,0,67,42,58,1109,38,23,158,36,15,57,52,35,108,4270,4591,2486,150,2085,569,100,6,49,29,122,1566,408,446,4,31,44,31,27,113,133,3,71,21,17,302,135,27,79,767,859,49,27,22,6,123,25,60,59,19,111,82,67,25,30,29,122,57,65,44,135,3370,22,40,26,32,68,16,14,69,28,32,3,57,48,103,20,5,24,6,28,784,2485
41,34,41,69,37,20,12,44,92,56,319,15,43,39,46,22,15,394,131,477,246,84,1,32,22,67,528,1206,3319,1383,104,472,257,14,6,36,167,34,58,29,1248,122,20,16,0,31,34,89,22,67,28,56,171,56,48,39,109,2671,2406,840,2,15,172,119,26,218,262,140,151,109,98,16,0,94,0,10,37,20,671,80,14,59,8,24,80,28,54,228,399,33,53,14,36,8,7,2,16,6,539,2607
12,71,54,55,301,73,22,29,80,2,43,65,98,4,20,9,15,153,54,48,28,188,51,143,518,56,49,4,195,198,97,168,131,15,51,93,95,30,357,169,604,24,43,11,6,17,88,50,32,8,30,58,43,67,234,930,73,1430,3972,5947,1609,49,1477,1361,83,336,247,310,129,32,124,39,70,106,6,19,2,56,78,38,27,217,34,4,65,12,31,80,104,2,46,28,10,34,38,33,30,148,4206,6013
11,9,37,25,493,527,88,20,88,913,19,32,123,25,153,31,72,1058,75,15,36,31,39,148,269,4,0,121,3,102,187,26,186,174,336,23,142,109,64,398,59,11,41,40,24,24,356,49,50,66,37,171,359,68,88,374,843,1445,8262,5499,1588,279,1734,822,56,107,197,144,61,445,1127,82,54,238,47,167,0,40,73,40,43,171,42,35,62,88,14,23,34,26,10,0,452,115,15,13,17,29,846,6127
88,10,59,35,836,902,3477,559,88,353,41,21,32,37,305,48,175,63,0,18,28,23,26,7,21,52,38,13,35,176,275,2628,838,325,263,279,955,1100,3063,2047,2017,60,23,79,12,95,28,27,16,74,118,44,67,55,1310,2284,3116,2015,5075,3296,154,21,5,10,43,105,2,36,59,106,42,64,114,53,33,23,25,24,15,51,25,39,12,29,1,106,30,6,0,40,18,47,201,142,92,41,10,2,2,866
38,31,28,354,41,229,2992,202,7,17,69,155,109,44,23,32,25,100,21,62,29,44,61,62,57,2117,3599,256,639,2748,421,814,49,118,348,470,15,960,3891,3294,2629,28,37,23,25,73,18,8,59,42,75,25,37,50,42,174,387,2598,3888,2506,41,3,3,17,13,29,57,30,16,3,49,52,232,76,33,28,29,46,109,105,33,6,73,30,822,501,30,26,27,50,12,59,58,22,15,7,54,564,196,158
153,23,83,20,12,43,41,3,12,24,4,175,47,64,56,6,12,22,41,5,281,63,34,77,802,4577,3889,4866,3894,4500,1284,72,64,151,2594,1107,13,23,1061,3736,1220,172,141,48,6,34,25,56,48,5,8,9,246,563,19,6,46,1689,1492,363,22,5,15,3,11,6,37,39,17,12,73,187,867,113,45,60,67,60,279,459,12,55,11,8,23,92,221,32,10,662,304,67,73,3,25,10,30,222,147,85
395,5,12,68,20,44,13,9,17,52,14,14,41,14,7,0,179,8,40,37,165,122,6,1203,3983,3051,4672,3016,2530,5468,1086,14,41,117,153,432,34,71,217,910,29,876,716,40,0,2,12,67,16,202,42,28,276,217,20,10,10,11,34,66,189,56,5,14,35,21,28,546,27,22,28,68,67,0,31,18,49,1972,21,78,76,27,16,64,111,14,62,63,159,33,22,5,58,83,169,22,0,63,65,213
90,42,9,99,219,17,5,46,3,32,71,11,53,24,29,59,87,6,36,14,11,79,17,701,6246,5035,5015,5612,4005,4569,0,6,17,21,715,5,46,5,59,20,13,20,597,64,152,10,14,322,212,49,21,79,75,18,69,73,14,0,203,327,63,6,8,64,0,90,118,450,25,79,147,29,17,0,0,29,589,1688,143,35,15,6,0,100,56,41,9,31,1074,70,6,7,40,88,193,7,29,5,0,17
59,31,4,281,143,41,39,19,137,240,26,2,46,39,30,75,54,44,47,15,36,281,43,196,1292,6865,2629,2085,507,1360,3,381,42,8,73,34,21,26,10,9,26,161,1768,1314,172,61,320,97,5,7,21,40,57,16,45,27,1,0,62,113,69,2,20,0,71,68,19,22,52,136,23,82,77,4,3,214,109,49,67,91,78,45,34,11,28,32,43,21,1692,473,14,16,15,8,711,43,4,4,9,11
10,28,16,215,14,74,61,34,1167,156,19,15,179,15,43,1072,144,1149,1660,630,59,40,19,13,11,1092,967,0,13,0,14,10,13,4,36,74,249,11,18,25,9,4,73,25,47,79,80,66,25,35,20,45,24,21,20,46,16,0,50,49,28,76,71,194,182,127,49,15,1,35,10,2,5,2,26,23,7,6,26,92,634,117,18,14,9,2,22,432,1862,1352,43,11,36,30,260,16,7,17,26,267
0,3,32,93,30,0,48,185,232,11,11,19,10,160,16,52,290,3495,4799,4682,798,67,71,151,23,468,26,28,8,37,13,37,10,3,41,67,525,619,80,191,32,4,15,57,22,31,12,20,0,44,207,96,6,106,27,15,13,18,28,10,10,117,203,1794,156,3,14,10,6,9,31,16,2,7,8,105,39,6,41,31,192,252,39,16,16,43,102,66,140,19,59,15,0,3,0,10,61,144,96,26
68,41,627,490,378,17,62,12,18,13,23,576,216,64,2244,1100,3363,3088,3757,3280,178,32,20,36,6,13,46,2,36,51,24,19,39,26,11,43,25,51,14,24,41,30,68,0,8,7,16,0,9,0,833,2462,1198,256,2,0,48,21,199,69,56,175,137,444,320,38,29,37,104,26,414,359,55,13,21,422,194,59,38,15,294,28,26,34,635,23,33,8,36,13,1,4,1,0,10,35,19,4,3,13
288,39,466,75,66,17,12,27,35,60,53,340,76,151,43,1187,4226,4055,4905,940,9,0,6,20,32,40,160,59,35,12,549,835,30,21,48,24,39,46,33,21,34,110,6,32,20,0,1,5,8,28,782,3165,3907,1323,5,59,385,116,36,9,31,83,25,8,41,51,97,123,529,1110,70,15,30,68,70,747,1568,174,21,49,27,36,13,19,32,297,8,0,2,58,2,13,25,4,57,302,0,1,2,1
0,29,11,12,24,15,6,17,9,22,67,94,138,36,81,227,548,85,821,101,82,16,2,11,31,510,443,14,65,5,24,49,62,69,1207,49,32,44,3,22,26,412,99,25,25,17,0,1,6,55,345,2273,2226,1372,46,921,130,183,14,74,44,95,28,22,26,34,36,80,101,17,65,5,52,42,84,875,79,238,42,59,1,23,10,26,31,59,0,0,1,2,0,37,0,0,1,279,10,42,21,19
8,50,34,24,22,25,4,3,0,201,99,33,14,47,962,398,41,36,48,38,885,37,64,86,40,115,21,180,78,27,22,2,15,185,165,44,19,29,692,57,70,227,43,26,290,7,37,26,29,83,77,115,778,34,25,89,120,158,11,36,49,15,28,30,16,5,209,71,24,4,0,46,52,25,48,16,25,8,19,564,231,73,24,3,1,2,8,5,50,32,22,40,38,8,41,5,0,2,9,20
57,108,12,20,7,42,46,28,53,72,6,46,265,42,20,836,965,49,25,29,126,86,249,18,3,62,30,32,37,12,10,7,0,22,35,85,23,43,442,31,450,64,4,77,709,16,100,75,68,27,40,31,3,33,56,17,28,67,325,578,58,0,2,0,0,15,37,55,32,42,71,7,337,699,0,2,12,12,86,140,27,61,72,170,28,1,9,11,48,479,252,54,40,107,90,4,14,0,5,13
15,509,18,0,370,183,35,8,1469,216,47,48,669,149,66,1985,2859,37,48,37,5,57,26,30,96,149,35,29,84,9,137,15,81,64,184,38,12,13,24,36,108,2,18,0,129,258,218,95,28,99,21,14,16,5,51,6,75,333,644,132,17,6,12,24,42,14,0,13,16,0,27,226,124,155,31,16,42,103,94,2,11,14,1,61,0,1,12,6,23,89,25,17,8,5,16,1,17,5,25,28
3,48,14,28,344,158,36,224,3499,462,27,53,144,38,27,1496,624,48,7,67,32,54,160,8,73,71,163,53,23,69,1600,135,1117,2192,2929,636,21,44,22,9,55,35,17,34,18,148,142,13,48,186,44,10,24,0,16,359,70,15,25,8,4,1,22,14,52,40,59,492,269,52,210,14,14,62,22,22,28,76,76,2,17,2,990,151,13,24,33,10,19,1,3,9,7,0,0,0,12,19,309,56
5,9,43,34,14,15,9,72,1016,187,67,18,45,7,15,31,9,32,88,146,30,41,21,37,44,76,82,42,21,29,1014,628,3024,3712,3333,197,35,10,77,3,40,100,26,41,37,72,701,155,77,62,29,95,157,242,82,165,41,21,23,12,25,25,61,1,20,0,101,625,14,11,56,21,36,78,302,20,1,33,45,95,21,0,420,104,44,147,230,7,3,1,27,77,19,10,0,0,2,5,14,7
4,12,73,37,6,31,29,118,28,88,84,34,32,22,88,1,17,19,8,45,30,101,41,30,30,54,487,50,134,112,68,151,1860,5632,3368,570,799,116,20,28,66,10,162,74,27,37,386,492,65,348,1076,93,2,100,20,55,28,1,7,34,49,30,103,125,380,153,15,24,26,24,4,61,321,1597,61,25,0,0,62,10,19,20,170,94,182,83,55,83,52,23,11,265,38,9,0,11,10,0,0,5
36,5,37,15,15,28,22,12,24,52,7,100,85,38,34,15,126,6,41,31,32,1275,36,2,32,105,205,27,49,41,4,35,2719,1995,399,48,93,42,20,262,59,35,13,74,90,24,8,1789,407,0,160,22,32,28,21,41,7,0,17,42,1012,39,32,30,53,39,4,6,30,5,11,19,91,73,30,6,0,29,379,52,53,35,68,52,43,27,0,19,553,359,33,75,71,18,1,7,11,0,0,0
12,21,19,5,40,29,112,50,7,50,4,27,60,27,103,32,15,58,21,13,40,17,46,79,58,20,13,45,47,12,58,16,98,147,0,11,5,127,180,384,174,1812,65,44,51,67,1547,3644,1096,24,49,37,97,32,171,260,260,970,2649,119,48,31,10,11,10,27,12,14,42,30,6,12,24,0,42,48,5,152,81,15,15,8,57,9,9,3,22,17,47,3,6,244,398,39,5,0,2,0,0,2
21,12,0,25,28,264,18,56,23,23,58,54,31,3,6,28,7,34,77,113,37,0,12,69,25,54,59,24,50,184,1366,1606,1712,78,402,191,93,56,7,89,227,316,72,15,22,42,191,3698,424,589,129,131,398,33,152,107,213,429,3312,239,121,221,524,107,4,7,9,6,40,28,5,0,27,49,157,76,26,55,6,0,3,102,435,78,5,17,17,2,2,0,69,2158,1351,2,1,0,0,0,0,0
71,462,44,33,111,1191,63,42,31,25,20,38,0,28,3,175,18,3,581,1344,192,25,26,67,17,74,17,67,73,2738,5850,4327,3424,274,125,427,25,4,2,91,50,33,19,33,5,2,31,1449,460,10,26,12,35,3,127,42,118,95,76,22,0,45,20,98,57,78,68,23,24,43,26,15,11,4,99,17,135,127,63,1,6,11,443,104,31,41,51,5,20,39,122,259,11,112,160,103,96,0,2,0
60,112,21,28,719,1726,303,216,228,431,29,42,9,7,16,32,3,60,63,121,124,39,8,68,25,38,645,44,64,131,2803,3065,2953,257,67,22,105,1,9,322,45,24,0,35,33,10,31,22,13,105,46,54,28,19,34,18,65,149,185,41,23,31,138,33,19,21,53,0,2,5,169,296,62,0,36,58,48,144,643,18,15,76,330,16,35,3,44,88,55,11,3,1,1,37,138,50,708,242,35,14
73,0,12,51,13,0,42,410,1157,86,167,6,39,40,25,12,29,15,52,55,11,121,45,6,42,54,58,881,1004,87,129,380,47,35,34,34,374,14,561,411,3,28,82,8,155,208,42,1,25,46,44,15,52,51,40,13,9,1078,407,243,12,35,45,13,46,36,29,10,11,11,1,19,2,210,183,149,17,40,262,13,34,22,13,0,0,9,5,0,0,6,438,288,24,13,0,0,0,0,0,0
24,86,575,9,12,1,16,44,675,461,282,25,610,909,4,11,31,74,30,103,1020,2166,44,49,115,60,381,1319,1799,495,1115,742,76,104,19,33,770,25,43,38,20,55,249,43,6,116,29,5,12,193,163,249,473,80,8,11,13,298,105,48,69,17,25,19,49,25,4,15,23,4,13,4,18,247,1546,336,30,18,80,41,17,134,24,31,22,16,119,776,14,14,4,417,35,0,0,0,0,0,0,0
42,210,8,19,17,2,7,66,271,786,362,159,241,648,9,3,4,14,17,54,190,1192,91,38,15,8,20,67,96,414,3343,1810,785,71,19,53,72,110,49,63,18,211,540,7,14,14,2,12,13,14,0,103,141,8,52,32,61,66,14,22,16,9,29,25,66,26,41,47,14,1,3,66,74,459,371,1600,347,1,64,77,251,1191,0,20,88,104,36,15,23,0,0,58,0,0,0,0,0,0,0,0
37,15,17,0,29,19,11,961,2822,1634,584,308,140,25,72,14,20,8,6,2,10,65,25,136,57,12,21,13,65,16,24,95,348,224,44,29,84,16,11,24,87,29,46,46,30,22,9,18,28,41,9,2,53,30,84,40,68,22,51,3,45,104,50,17,32,124,1,43,60,18,18,13,154,36,28,47,307,35,1,95,94,19,8,138,96,12,19,129,7,0,0,0,0,0,0,0,0,0,0,0
71,362,46,338,61,18,32,22,294,312,48,49,158,2,49,12,11,138,16,5,21,464,37,45,58,2,38,27,6,10,79,31,26,121,21,166,75,27,9,44,307,21,4,110,35,340,525,37,11,200,88,22,48,21,163,42,6,4,37,37,13,72,66,29,22,6,8,18,4,15,52,73,368,31,30,128,43,14,1333,402,407,18,23,51,69,236,360,195,270,51,0,0,0,0,0,0,0,0,0,0
0,10,43,51,0,0,0,1,0,20,3,55,230,14,11,0,10,299,20,2,1,293,11,0,36,5,152,4,80,99,6,0,0,0,0,3,0,0,13,65,49,38,23,35,1804,1011,96,27,25,4,87,25,32,109,79,24,20,25,181,151,58,39,91,1172,598,34,19,6,20,153,911,47,17,67,12,248,113,27,1099,3366,2710,1388,643,754,386,35,153,554,72,0,0,0,0,0,0,0,0,0,0,0
0,73,41,0,0,0,0,0,0,0,0,247,1,0,0,0,30,2340,1227,215,27,42,6,35,151,53,136,24,0,26,0,10,0,13,0,0,0,0,0,42,837,1578,543,0,349,7,40,7,8,2,24,19,462,195,9,182,276,366,1482,1133,229,84,28,100,22,84,176,15,0,0,152,63,56,64,27,125,146,542,2308,5918,3078,1891,3827,4896,826,39,109,688,0,0,0,0,0,0,0,0,0,0,0,0
0,6,29,0,1,0,0,16,0,0,17,14,7,1,0,0,56,1945,578,2335,332,8,25,0,3,0,8,0,0,3,3,4,0,0,14,1,0,0,0,256,5464,3021,1397,1,0,26,7,0,0,5,64,53,28,17,4,85,28,421,3719,1246,3,14,0,19,37,20,32,0,49,255,13,30,253,39,12,17,1,430,1798,3977,4169,5257,6584,4256,56,0,0,0,0,0,0,0,0,0,0,0,0,0,0,0
8,1,4,1,29,1,0,9,1,0,15,27,424,12,0,0,1,8,33,94,7,0,0,0,0,0,2,3,0,78,954,1353,331,50,2294,37,14,28,16,261,2019,1840,49,0,0,85,13,0,1,7,28,76,40,6,149,296,0,185,4155,3481,221,0,13,0,3,70,2,40,68,10,112,71,652,3965,1638,469,192,31,3045,4563,8032,4831,2986,4,0,0,0,0,0,0,0,0,0,0,0,0,0,0,0,0
2,1,40,24,62,24,11,0,27,19,14,24,1351,3,1,0,0,2,1,83,1,15,0,2,10,0,0,0,394,2513,4369,4646,1932,2541,1184,117,1,8,233,547,138,7,1,15,14,176,23,12,39,4,2,16,17,13,9,1,0,50,2639,1279,228,0,0,0,0,9,2,12,22,72,47,1919,1592,2884,4868,3073,2266,981,1171,1780,922,0,0,0,0,0,0,0,0,0,0,0,0,0,0,0,0,0,0,0
159,680,4,69,1,3,20,0,3,5,2,4,1149,203,4,15,2,0,2,24,11,0,11,0,3036,2242,2052,3567,2934,2802,2951,2158,801,4123,113,0,1,0,2,50,125,9,0,2,33,27,145,51,6,8,16,42,83,11,61,43,0,55,121,29,44,0,0,0,5,1,0,0,7,98,489,2525,2470,4950,5448,1693,7,0,0,0,0,0,0,0,0,0,0,0,0,0,0,0,0,0,0,0,0,0,0,0
1001,1363,156,183,14,11,1,16,105,226,2,311,2517,1014,5,5,51,655,340,370,144,2200,1506,2075,3812,5915,4450,5410,2838,4367,6728,10988,6918,3956,1578,897,756,16,5,0,8,176,108,6,12,0,1,1,2,11,58,32,130,19,6,36,8,24,39,0,94,54,15,4,0,0,0,0,9,9,130,865,402,192,0,0,0,0,0,0,0,0,0,0,0,0,0,0,0,0,0,0,0,0,0,0,0,0,0,0
122,0,37,59,97,42,300,140,55,70,62,2860,4266,2263,1272,517,1187,3976,4286,52,420,4839,3450,4847,4378,5787,6189,6982,10636,7654,9942,13956,10556,2046,594,2067,4133,0,0,3,2,166,52,4,0,1,9,0,0,6,49,25,12,3,24,20,12,551,1847,172,4,99,98,0,38,0,142,43,133,0,0,0,0,0,0,0,0,0,0,0,0,0,0,0,0,0,0,0,0,0,0,0,0,0,0,0,0,0,0,0
91,7,626,13,72,1,1882,1663,13,3,2070,4799,4755,4820,5253,3296,1404,5033,4893,1556,1180,1042,2439,538,35,29,1453,3958,6753,13324,13647,12889,8142,5322,15,165,1345,17,0,0,0,9,0,8,0,0,0,0,0,0,0,12,32,79,169,0,33,1682,2996,739,633,2352,721,1582,391,649,1136,138,0,0,0,0,0,0,0,0,0,0,0,0,0,0,0,0,0,0,0,0,0,0,0,0,0,0,0,0,0,0,0,0
105,775,5119,1926,3190,716,1699,2217,117,1060,2758,4185,4624,7243,8451,5726,4047,1241,1514,128,0,0,0,0,0,0,0,0,0,0,161,2091,5332,4202,928,761,1325,194,1201,122,49,41,14,65,30,10,0,0,0,0,2,441,241,15,0,7,17,1271,2998,2605,3159,4346,3304,934,13,838,0,0,0,0,0,0,0,0,0,0,0,0,0,0,0,0,0,0,0,0,0,0,0,0,0,0,0,0,0,0,0,0,0,0
660,163,4912,4052,5126,4000,3278,2931,25,2300,1692,3875,5100,6045,5793,2589,664,0,0,0,0,0,0,0,0,0,0,0,0,0,0,0,0,20,54,0,879,2758,3492,1378,2566,3039,40,158,660,2871,2,0,0,0,3,128,61,1,0,0,20,8,1441,3613,5358,1607,3166,3591,2465,6,0,0,0,0,0,0,0,0,0,0,0,0,0,0,0,0,0,0,0,0,0,0,0,0,0,0,0,0,0,0,0,0,0,0
87,5,1341,3143,2513,1827,815,1170,261,1123,225,257,60,0,0,0,0,0,0,0,0,0,0,0,0,0,0,0,0,0,0,0,0,0,0,0,0,0,786,1503,4524,2686,548,1652,3786,268,38,63,55,0,2,26,67,0,1,0,104,0,1129,2004,172,246,937,5721,2368,0,0,0,0,0,0,0,0,0,0,0,0,0,0,0,0,0,0,0,0,0,0,0,0,0,0,0,0,0,0,0,0,0,0,0
21,0,0,0,0,0,0,0,0,0,0,0,0,0,0,0,0,0,0,0,0,0,0,0,0,0,0,0,0,0,0,0,0,0,0,0,0,0,0,0,188,1726,1771,1093,2736,37,937,879,2180,2640,435,1,3,0,0,0,13,6,2886,3486,1621,3663,5197,1168,21,0,0,0,0,0,0,0,0,0,0,0,0,0,0,0,0,0,0,0,0,0,0,0,0,0,0,0,0,0,0,0,0,0,0,0
